0.455 0.365 -1
0.35 0.265 1
0.53 0.42 1
0.44 0.365 1
0.33 0.255 2
0.425 0.3 2
0.53 0.415 -1
0.545 0.425 3
0.475 0.37 3
0.55 0.44 4
0.525 0.38 4
0.43 0.35 4
0.49 0.38 4
0.535 0.405 4
0.47 0.355 4
0.5 0.4 4
0.355 0.28 4
0.44 0.34 4
0.365 0.295 5
0.45 0.32 5
0.355 0.28 -1
0.38 0.275 -1
0.565 0.44 -1
0.55 0.415 -1
0.615 0.48 -1
0.56 0.44 6
0.58 0.45 6
0.59 0.445 -1
0.605 0.475 -1
0.575 0.425 7
0.58 0.47 7
0.68 0.56 8
0.665 0.525 8
0.68 0.55 9
0.705 0.55 9
0.465 0.355 9
0.54 0.475 9
0.45 0.355 9
0.575 0.445 10
0.355 0.29 10
0.45 0.335 10
0.55 0.425 -1
0.24 0.175 11
0.205 0.15 11
0.21 0.15 11
0.39 0.295 12
0.47 0.37 12
0.46 0.375 12
0.325 0.245 -1
0.525 0.425 13
0.52 0.41 13
0.4 0.32 13
0.485 0.36 13
0.47 0.36 13
0.405 0.31 13
0.5 0.4 13
0.445 0.35 13
0.47 0.385 13
0.245 0.19 13
0.505 0.4 13
0.45 0.345 13
0.505 0.405 13
0.53 0.41 13
0.425 0.325 13
0.52 0.4 13
0.475 0.355 13
0.565 0.44 14
0.595 0.495 14
0.475 0.39 14
0.31 0.235 -1
0.555 0.425 15
0.4 0.32 15
0.595 0.475 15
0.57 0.48 15
0.605 0.45 15
0.6 0.475 15
0.595 0.475 -1
0.6 0.47 -1
0.555 0.425 16
0.615 0.475 16
0.575 0.445 -1
0.62 0.51 17
0.52 0.425 17
0.595 0.475 18
0.58 0.45 18
0.57 0.465 18
0.625 0.465 18
0.56 0.44 19
0.46 0.355 19
0.575 0.45 -1
0.565 0.425 -1
0.555 0.44 20
0.595 0.465 20
0.625 0.495 20
0.695 0.56 -1
0.665 0.535 21
0.535 0.435 21
0.47 0.375 21
0.47 0.37 21
0.475 0.375 21
0.36 0.265 -1
0.55 0.435 -1
0.53 0.435 22
0.53 0.415 22
0.605 0.47 22
0.52 0.41 22
0.545 0.43 23
0.5 0.4 23
0.51 0.39 23
0.435 0.395 23
0.495 0.395 23
0.465 0.36 23
0.435 0.32 23
0.425 0.35 23
0.545 0.41 23
0.53 0.415 23
0.49 0.375 23
0.44 0.34 23
0.56 0.43 24
0.405 0.305 24
0.47 0.365 24
0.385 0.295 -1
0.515 0.425 -1
0.37 0.265 -1
0.36 0.28 25
0.27 0.195 25
0.375 0.275 -1
0.385 0.29 26
0.7 0.535 26
0.71 0.54 27
0.595 0.48 27
0.44 0.35 27
0.325 0.26 -1
0.35 0.26 -1
0.265 0.2 28
0.425 0.33 28
0.305 0.23 -1
0.345 0.255 29
0.405 0.325 29
0.375 0.285 -1
0.565 0.445 -1
0.55 0.45 30
0.65 0.52 30
0.56 0.455 31
0.475 0.375 31
0.49 0.38 31
0.46 0.35 31
0.28 0.205 32
0.175 0.13 32
0.17 0.13 32
0.59 0.475 32
0.605 0.5 32
0.635 0.515 32
0.605 0.485 32
0.565 0.45 32
0.515 0.405 32
0.575 0.46 32
0.645 0.485 -1
0.58 0.455 33
0.575 0.46 33
0.605 0.465 33
0.605 0.485 33
0.61 0.485 33
0.725 0.56 -1
0.65 0.545 -1
0.725 0.57 -1
0.725 0.575 34
0.68 0.57 34
0.705 0.56 -1
0.68 0.515 35
0.695 0.55 35
0.53 0.395 36
0.525 0.435 36
0.52 0.405 37
0.235 0.16 37
0.36 0.26 -1
0.315 0.21 -1
0.315 0.245 38
0.225 0.16 38
0.58 0.475 38
0.57 0.48 -1
0.64 0.51 39
0.56 0.45 39
0.62 0.475 39
0.645 0.51 40
0.62 0.49 40
0.63 0.48 40
0.63 0.5 40
0.63 0.48 40
0.585 0.46 41
0.615 0.48 41
0.61 0.485 41
0.58 0.45 -1
0.355 0.275 -1
0.51 0.4 -1
0.5 0.405 42
0.505 0.41 42
0.64 0.5 42
0.56 0.45 -1
0.585 0.46 43
0.45 0.345 43
0.5 0.4 44
0.5 0.4 44
0.53 0.435 45
0.42 0.335 45
0.44 0.34 45
0.4 0.3 45
0.435 0.34 45
0.525 0.415 -1
0.37 0.28 46
0.49 0.365 46
0.335 0.25 47
0.415 0.325 47
0.5 0.405 47
0.485 0.395 47
0.55 0.405 48
0.45 0.35 48
0.405 0.3 48
0.47 0.36 48
0.415 0.305 48
0.445 0.325 48
0.47 0.35 48
0.49 0.375 48
0.445 0.355 48
0.425 0.38 48
0.5 0.37 48
0.39 0.29 48
0.365 0.27 49
0.58 0.465 49
0.53 0.415 -1
0.555 0.445 -1
0.565 0.44 -1
0.625 0.505 -1
0.275 0.215 50
0.44 0.35 50
0.295 0.225 51
0.075 0.055 51
0.13 0.1 51
0.11 0.09 51
0.16 0.12 51
0.565 0.425 -1
0.27 0.2 52
0.23 0.175 52
0.3 0.23 -1
0.33 0.255 -1
0.35 0.26 -1
0.32 0.245 -1
0.36 0.275 -1
0.305 0.245 -1
0.345 0.27 -1
0.33 0.25 53
0.59 0.47 53
0.595 0.455 53
0.575 0.46 53
0.6 0.495 53
0.56 0.45 53
0.56 0.45 53
0.545 0.46 54
0.635 0.505 54
0.59 0.475 54
0.54 0.475 -1
0.57 0.44 -1
0.53 0.42 55
0.245 0.195 55
0.27 0.2 56
0.46 0.38 56
0.52 0.45 57
0.35 0.275 57
0.47 0.39 57
0.45 0.36 57
0.64 0.525 58
0.59 0.5 58
0.62 0.485 58
0.63 0.505 59
0.63 0.515 59
0.655 0.54 59
0.66 0.53 59
0.61 0.5 -1
0.635 0.525 60
0.515 0.425 60
0.535 0.415 -1
0.36 0.285 61
0.455 0.355 61
0.485 0.395 61
0.515 0.38 -1
0.535 0.415 62
0.53 0.435 62
0.495 0.4 62
0.44 0.355 62
0.535 0.435 63
0.54 0.435 63
0.565 0.505 63
0.61 0.475 63
0.565 0.455 63
0.6 0.495 63
0.295 0.215 -1
0.275 0.205 -1
0.28 0.21 64
0.49 0.395 64
0.37 0.28 65
0.405 0.305 65
0.54 0.435 -1
0.37 0.28 -1
0.36 0.27 66
0.47 0.36 66
0.2 0.145 66
0.165 0.12 66
0.645 0.515 67
0.55 0.41 67
0.57 0.435 68
0.63 0.485 68
0.56 0.44 69
0.595 0.455 69
0.62 0.47 69
0.63 0.485 69
0.45 0.355 69
0.635 0.535 69
0.45 0.35 69
0.58 0.455 -1
0.33 0.255 -1
0.265 0.21 70
0.19 0.145 70
0.385 0.31 70
0.265 0.205 -1
0.335 0.265 -1
0.355 0.275 -1
0.32 0.255 71
0.51 0.4 71
0.36 0.295 -1
0.36 0.28 72
0.5 0.38 72
0.4 0.325 72
0.3 0.22 73
0.235 0.175 73
0.74 0.6 74
0.62 0.465 74
0.6 0.475 74
0.59 0.45 74
0.62 0.475 74
0.565 0.45 74
0.575 0.455 74
0.62 0.51 74
0.62 0.465 74
0.505 0.375 74
0.46 0.425 74
0.49 0.39 74
0.525 0.42 -1
0.34 0.26 -1
0.375 0.305 75
0.61 0.48 75
0.61 0.495 75
0.585 0.45 -1
0.57 0.46 -1
0.58 0.455 76
0.635 0.515 76
0.7 0.58 -1
0.675 0.525 77
0.645 0.525 77
0.745 0.585 77
0.685 0.545 77
0.605 0.49 77
0.59 0.465 77
0.65 0.525 78
0.6 0.48 78
0.62 0.5 78
0.63 0.515 78
0.58 0.465 79
0.58 0.455 79
0.63 0.49 79
0.69 0.56 79
0.65 0.545 80
0.66 0.565 80
0.68 0.58 80
0.7 0.575 80
0.685 0.52 80
0.675 0.545 80
0.63 0.49 80
0.585 0.45 80
0.565 0.465 80
0.61 0.495 80
0.605 0.47 80
0.535 0.42 81
0.485 0.4 81
0.47 0.375 81
0.545 0.425 82
0.455 0.37 82
0.54 0.42 82
0.46 0.38 82
0.49 0.42 82
0.465 0.375 82
0.415 0.325 82
0.475 0.375 82
0.47 0.375 82
0.365 0.295 -1
0.345 0.275 83
0.39 0.31 83
0.5 0.395 83
0.47 0.38 83
0.535 0.44 83
0.585 0.455 83
0.485 0.365 83
0.515 0.455 83
0.435 0.325 83
0.515 0.415 83
0.44 0.345 83
0.525 0.44 84
0.45 0.355 84
0.59 0.485 -1
0.555 0.45 -1
0.57 0.44 85
0.59 0.5 85
0.585 0.475 86
0.58 0.46 86
0.545 0.44 87
0.605 0.495 87
0.62 0.47 87
0.63 0.5 87
0.63 0.515 87
0.63 0.5 87
0.545 0.41 87
0.67 0.54 88
0.49 0.38 88
0.49 0.39 88
0.29 0.225 89
0.26 0.2 89
0.58 0.45 89
0.61 0.485 89
0.6 0.5 89
0.56 0.455 90
0.575 0.45 90
0.57 0.45 91
0.6 0.47 91
0.565 0.455 92
0.545 0.42 92
0.44 0.345 92
0.5 0.41 92
0.36 0.275 -1
0.385 0.305 93
0.39 0.3 93
0.5 0.415 93
0.36 0.275 -1
0.335 0.26 -1
0.505 0.425 94
0.395 0.295 94
0.41 0.325 94
0.56 0.455 94
0.565 0.435 -1
0.565 0.455 95
0.605 0.5 95
0.565 0.455 96
0.725 0.565 96
0.675 0.535 96
0.665 0.555 -1
0.565 0.49 97
0.645 0.55 97
0.575 0.47 98
0.64 0.54 98
0.36 0.28 99
0.415 0.31 99
0.525 0.41 99
0.38 0.285 100
0.585 0.465 100
0.24 0.185 100
0.22 0.165 100
0.255 0.195 100
0.175 0.125 100
0.67 0.55 100
0.655 0.53 100
0.68 0.55 100
0.675 0.555 -1
0.53 0.44 101
0.515 0.405 101
0.43 0.34 101
0.52 0.405 101
0.545 0.415 102
0.53 0.415 102
0.465 0.35 102
0.665 0.54 102
0.735 0.59 102
0.66 0.545 102
0.7 0.585 102
0.575 0.4 -1
0.57 0.465 103
0.58 0.46 103
0.63 0.48 103
0.585 0.465 -1
0.55 0.45 104
0.625 0.515 104
0.54 0.42 105
0.57 0.455 105
0.59 0.455 105
0.58 0.46 106
0.655 0.51 106
0.655 0.53 106
0.625 0.5 106
0.625 0.5 107
0.64 0.52 107
0.605 0.485 107
0.615 0.525 107
0.555 0.45 -1
0.58 0.44 108
0.62 0.52 108
0.62 0.47 108
0.6 0.505 108
0.625 0.485 108
0.6 0.47 108
0.56 0.46 109
0.585 0.455 109
0.56 0.435 -1
0.56 0.445 110
0.68 0.53 110
0.455 0.35 110
0.49 0.38 110
0.31 0.22 111
0.275 0.195 111
0.27 0.195 112
0.4 0.29 112
0.28 0.2 -1
0.325 0.23 -1
0.345 0.25 113
0.21 0.15 113
0.36 0.27 -1
0.365 0.26 114
0.2 0.14 114
0.235 0.16 114
0.175 0.125 114
0.155 0.11 114
0.57 0.445 114
0.57 0.45 -1
0.385 0.3 115
0.53 0.42 115
0.46 0.355 115
0.47 0.37 115
0.435 0.335 115
0.47 0.37 115
0.465 0.38 115
0.52 0.405 115
0.29 0.23 -1
0.275 0.205 -1
0.375 0.29 116
0.5 0.375 116
0.44 0.355 116
0.42 0.325 116
0.445 0.35 116
0.38 0.29 -1
0.32 0.245 117
0.255 0.195 117
0.205 0.155 117
0.565 0.45 -1
0.555 0.425 118
0.65 0.515 118
0.615 0.49 118
0.56 0.44 119
0.48 0.37 119
0.485 0.39 119
0.5 0.385 119
0.525 0.405 120
0.66 0.5 120
0.66 0.53 120
0.52 0.4 120
0.44 0.34 120
0.515 0.4 120
0.475 0.35 120
0.545 0.415 120
0.47 0.355 120
0.35 0.255 121
0.485 0.355 121
0.435 0.33 121
0.28 0.21 122
0.41 0.32 122
0.45 0.35 122
0.45 0.345 122
0.59 0.455 122
0.57 0.44 123
0.61 0.475 123
0.61 0.475 123
0.56 0.425 124
0.585 0.435 124
0.58 0.445 125
0.63 0.48 125
0.625 0.49 125
0.55 0.425 -1
0.645 0.525 126
0.46 0.355 126
0.41 0.305 126
0.495 0.39 126
0.52 0.425 126
0.55 0.41 127
0.45 0.335 127
0.405 0.31 127
0.51 0.4 127
0.37 0.29 -1
0.525 0.41 -1
0.66 0.52 128
0.535 0.42 128
0.575 0.455 129
0.55 0.43 129
0.605 0.47 130
0.605 0.495 130
0.56 0.445 130
0.535 0.42 131
0.385 0.315 131
0.39 0.3 131
0.47 0.345 131
0.515 0.39 131
0.425 0.345 131
0.345 0.27 132
0.485 0.37 132
0.37 0.285 -1
0.35 0.265 133
0.44 0.345 133
0.195 0.145 133
0.325 0.24 134
0.495 0.37 134
0.45 0.35 134
0.415 0.345 134
0.47 0.355 134
0.32 0.24 -1
0.31 0.225 135
0.235 0.17 135
0.345 0.255 136
0.485 0.38 136
0.5 0.385 136
0.5 0.385 136
0.465 0.36 136
0.525 0.405 136
0.425 0.335 136
0.38 0.305 136
0.53 0.415 -1
0.34 0.265 137
0.475 0.365 137
0.43 0.34 137
0.46 0.365 137
0.47 0.36 137
0.36 0.295 -1
0.355 0.265 -1
0.38 0.235 -1
0.355 0.26 138
0.44 0.345 138
0.51 0.4 138
0.325 0.24 139
0.62 0.485 139
0.59 0.45 -1
0.33 0.255 140
0.45 0.34 140
0.445 0.33 140
0.33 0.215 141
0.48 0.375 141
0.46 0.35 141
0.475 0.36 141
0.255 0.18 141
0.335 0.245 142
0.47 0.35 142
0.31 0.225 -1
0.37 0.28 -1
0.295 0.215 -1
0.555 0.435 143
0.615 0.515 143
0.58 0.49 143
0.585 0.475 143
0.65 0.525 -1
0.535 0.45 144
0.415 0.34 144
0.38 0.305 144
0.45 0.355 144
0.395 0.295 145
0.455 0.35 145
0.485 0.38 145
0.55 0.425 146
0.45 0.35 146
0.475 0.385 146
0.5 0.38 146
0.53 0.41 147
0.49 0.39 147
0.49 0.385 147
0.52 0.395 147
0.54 0.415 147
0.5 0.375 147
0.45 0.38 -1
0.37 0.275 -1
0.37 0.275 148
0.485 0.37 148
0.435 0.325 148
0.535 0.405 149
0.51 0.4 149
0.565 0.44 -1
0.535 0.4 -1
0.535 0.405 150
0.525 0.4 150
0.59 0.44 151
0.5 0.375 151
0.255 0.19 151
0.43 0.325 151
0.38 0.29 151
0.165 0.11 151
0.315 0.23 152
0.155 0.105 152
0.28 0.205 153
0.43 0.335 153
0.395 0.315 153
0.385 0.285 153
0.48 0.385 153
0.445 0.33 153
0.395 0.295 153
0.4 0.3 153
0.415 0.325 153
0.315 0.25 -1
0.345 0.26 -1
0.36 0.295 -1
0.295 0.225 -1
0.325 0.25 -1
0.375 0.3 -1
0.28 0.205 -1
0.355 0.265 -1
0.35 0.255 -1
0.275 0.2 -1
0.29 0.205 154
0.25 0.19 154
0.18 0.125 154
0.15 0.1 154
0.16 0.11 154
0.555 0.455 154
0.555 0.44 154
0.525 0.41 154
0.465 0.36 154
0.49 0.36 154
0.4 0.305 154
0.48 0.375 154
0.505 0.4 154
0.52 0.4 154
0.525 0.4 -1
0.545 0.42 -1
0.52 0.4 155
0.505 0.38 155
0.525 0.425 156
0.51 0.39 156
0.52 0.385 156
0.52 0.405 156
0.535 0.41 157
0.445 0.345 157
0.53 0.44 -1
0.36 0.265 158
0.535 0.42 158
0.52 0.405 -1
0.53 0.415 -1
0.53 0.42 159
0.66 0.52 159
0.52 0.385 159
0.535 0.42 -1
0.695 0.515 160
0.51 0.39 160
0.485 0.355 160
0.605 0.46 160
0.58 0.455 160
0.65 0.515 -1
0.62 0.505 161
0.615 0.525 161
0.605 0.495 162
0.57 0.44 162
0.57 0.43 162
0.585 0.405 162
0.55 0.44 -1
0.54 0.44 -1
0.64 0.51 163
0.61 0.47 163
0.545 0.45 164
0.59 0.445 164
0.345 0.27 -1
0.55 0.43 -1
0.53 0.425 -1
0.53 0.455 165
0.485 0.375 165
0.385 0.275 166
0.455 0.34 166
0.49 0.38 166
0.53 0.41 167
0.505 0.385 167
0.49 0.38 167
0.465 0.35 167
0.47 0.36 167
0.56 0.41 168
0.505 0.385 168
0.515 0.435 -1
0.385 0.28 169
0.215 0.155 169
0.55 0.415 169
0.515 0.39 169
0.495 0.385 169
0.505 0.39 169
0.6 0.465 -1
0.57 0.465 170
0.485 0.375 170
0.47 0.37 170
0.575 0.45 171
0.58 0.465 171
0.515 0.405 171
0.53 0.41 171
0.44 0.335 171
0.52 0.42 171
0.425 0.345 171
0.46 0.34 171
0.45 0.335 171
0.425 0.33 171
0.37 0.275 172
0.515 0.38 172
0.405 0.305 172
0.28 0.205 173
0.48 0.4 173
0.44 0.34 173
0.52 0.41 -1
0.505 0.405 174
0.49 0.365 174
0.235 0.175 174
0.255 0.185 174
0.315 0.24 -1
0.325 0.25 -1
0.335 0.25 -1
0.35 0.27 -1
0.35 0.25 -1
0.36 0.3 -1
0.365 0.275 -1
0.37 0.275 -1
0.38 0.275 175
0.385 0.29 175
0.385 0.3 175
0.395 0.29 175
0.395 0.29 175
0.4 0.31 175
0.41 0.325 175
0.415 0.32 175
0.415 0.305 175
0.425 0.325 175
0.44 0.365 175
0.445 0.335 175
0.445 0.325 175
0.45 0.35 175
0.47 0.375 175
0.475 0.365 175
0.48 0.365 175
0.485 0.355 175
0.49 0.385 175
0.495 0.41 175
0.5 0.4 175
0.505 0.44 176
0.525 0.395 176
0.54 0.405 -1
0.54 0.42 -1
0.545 0.44 -1
0.55 0.43 177
0.55 0.45 177
0.55 0.45 178
0.555 0.435 178
0.565 0.45 178
0.57 0.455 -1
0.57 0.435 -1
0.575 0.465 179
0.59 0.475 179
0.59 0.46 179
0.595 0.48 179
0.595 0.48 179
0.595 0.475 179
0.595 0.465 179
0.6 0.475 179
0.6 0.475 179
0.6 0.495 179
0.605 0.475 179
0.605 0.455 179
0.615 0.5 179
0.615 0.52 179
0.615 0.51 179
0.615 0.505 179
0.62 0.505 179
0.62 0.5 179
0.625 0.49 179
0.625 0.49 179
0.63 0.505 179
0.635 0.51 179
0.635 0.5 179
0.635 0.485 179
0.64 0.51 -1
0.65 0.525 180
0.655 0.52 180
0.655 0.58 -1
0.66 0.53 -1
0.66 0.52 181
0.67 0.585 181
0.675 0.525 181
0.675 0.525 182
0.68 0.56 182
0.685 0.54 182
0.695 0.56 182
0.73 0.595 183
0.205 0.14 183
0.24 0.175 183
0.24 0.175 183
0.255 0.19 183
0.255 0.18 183
0.265 0.195 183
0.28 0.12 -1
0.295 0.23 -1
0.3 0.235 -1
0.3 0.23 -1
0.305 0.22 -1
0.315 0.235 -1
0.315 0.23 -1
0.32 0.24 -1
0.325 0.24 -1
0.33 0.265 -1
0.335 0.25 -1
0.335 0.25 -1
0.34 0.25 -1
0.34 0.25 -1
0.345 0.265 -1
0.37 0.29 184
0.37 0.28 184
0.375 0.28 -1
0.385 0.265 185
0.41 0.31 185
0.41 0.305 185
0.41 0.31 185
0.415 0.33 185
0.42 0.32 185
0.42 0.315 185
0.425 0.34 185
0.425 0.315 185
0.43 0.325 185
0.43 0.325 185
0.435 0.325 185
0.435 0.34 185
0.44 0.345 185
0.44 0.325 185
0.445 0.335 185
0.445 0.35 185
0.45 0.36 185
0.45 0.355 185
0.45 0.345 185
0.45 0.335 185
0.455 0.355 185
0.455 0.375 185
0.46 0.36 185
0.46 0.345 185
0.465 0.365 185
0.465 0.37 185
0.465 0.345 185
0.465 0.35 185
0.47 0.365 185
0.47 0.365 185
0.475 0.37 185
0.475 0.36 185
0.48 0.375 185
0.48 0.385 185
0.48 0.36 185
0.48 0.365 185
0.485 0.37 185
0.49 0.385 185
0.495 0.395 185
0.495 0.4 185
0.5 0.39 185
0.5 0.385 185
0.5 0.385 185
0.5 0.4 185
0.505 0.39 185
0.505 0.39 185
0.505 0.41 185
0.505 0.355 185
0.51 0.39 186
0.51 0.375 186
0.51 0.405 187
0.51 0.405 187
0.51 0.41 -1
0.515 0.43 188
0.515 0.39 188
0.525 0.415 188
0.525 0.4 188
0.53 0.425 -1
0.53 0.425 189
0.53 0.405 189
0.535 0.4 190
0.535 0.43 190
0.535 0.435 191
0.55 0.445 191
0.55 0.43 192
0.56 0.455 192
0.565 0.4 192
0.57 0.45 192
0.57 0.45 192
0.57 0.455 192
0.57 0.445 192
0.57 0.46 193
0.575 0.475 193
0.575 0.46 193
0.58 0.46 193
0.58 0.46 193
0.58 0.455 193
0.58 0.45 193
0.58 0.49 193
0.59 0.465 193
0.59 0.47 193
0.59 0.455 193
0.595 0.47 193
0.595 0.45 193
0.595 0.475 193
0.595 0.46 193
0.595 0.455 193
0.605 0.49 193
0.605 0.475 193
0.605 0.47 193
0.61 0.47 193
0.61 0.475 193
0.615 0.48 193
0.62 0.51 193
0.625 0.48 193
0.625 0.49 193
0.625 0.475 193
0.625 0.5 193
0.625 0.485 193
0.63 0.485 193
0.63 0.495 193
0.63 0.48 193
0.635 0.49 193
0.635 0.525 -1
0.64 0.505 -1
0.64 0.5 194
0.64 0.5 194
0.645 0.5 194
0.645 0.52 194
0.645 0.52 -1
0.645 0.505 195
0.645 0.5 195
0.645 0.5 195
0.645 0.515 195
0.65 0.495 195
0.65 0.52 195
0.65 0.525 -1
0.655 0.46 196
0.655 0.51 196
0.66 0.505 -1
0.66 0.535 -1
0.66 0.495 197
0.66 0.475 197
0.67 0.525 -1
0.675 0.57 198
0.675 0.565 198
0.68 0.535 199
0.69 0.525 199
0.69 0.505 199
0.695 0.535 199
0.705 0.535 199
0.71 0.565 200
0.715 0.565 200
0.715 0.525 201
0.735 0.6 201
0.765 0.6 201
0.185 0.13 201
0.195 0.15 201
0.195 0.135 201
0.2 0.155 201
0.225 0.165 201
0.245 0.18 201
0.25 0.18 201
0.265 0.195 201
0.275 0.195 -1
0.28 0.21 -1
0.285 0.22 -1
0.3 0.22 -1
0.315 0.235 -1
0.32 0.225 -1
0.34 0.265 -1
0.37 0.28 -1
0.375 0.28 -1
0.375 0.275 -1
0.385 0.29 202
0.4 0.32 202
0.405 0.3 202
0.41 0.3 202
0.41 0.325 202
0.42 0.3 202
0.42 0.32 202
0.42 0.31 202
0.425 0.325 202
0.43 0.335 202
0.435 0.33 202
0.435 0.345 202
0.44 0.33 202
0.445 0.345 202
0.445 0.34 202
0.445 0.335 202
0.45 0.365 202
0.45 0.34 202
0.45 0.33 202
0.45 0.33 202
0.45 0.33 202
0.46 0.35 202
0.47 0.36 202
0.47 0.38 202
0.475 0.35 202
0.475 0.35 202
0.48 0.38 202
0.49 0.465 202
0.5 0.375 202
0.5 0.375 202
0.5 0.38 202
0.5 0.39 202
0.505 0.39 202
0.51 0.405 202
0.51 0.4 202
0.51 0.4 202
0.51 0.38 202
0.515 0.385 202
0.52 0.4 203
0.52 0.38 203
0.52 0.38 203
0.52 0.46 203
0.525 0.4 203
0.525 0.4 203
0.525 0.405 204
0.525 0.395 204
0.53 0.4 204
0.535 0.39 204
0.54 0.42 204
0.545 0.39 -1
0.545 0.41 -1
0.545 0.415 -1
0.55 0.415 -1
0.55 0.43 -1
0.55 0.425 -1
0.56 0.43 -1
0.56 0.445 205
0.56 0.44 205
0.56 0.415 206
0.565 0.455 206
0.565 0.435 206
0.565 0.45 206
0.57 0.46 206
0.57 0.445 -1
0.57 0.44 207
0.575 0.46 207
0.575 0.45 207
0.575 0.435 -1
0.575 0.47 -1
0.575 0.455 -1
0.575 0.435 208
0.575 0.445 208
0.575 0.445 209
0.58 0.455 209
0.58 0.455 209
0.58 0.445 210
0.58 0.45 210
0.58 0.45 210
0.58 0.45 -1
0.585 0.46 211
0.585 0.465 211
0.59 0.47 211
0.6 0.475 211
0.6 0.455 211
0.6 0.465 211
0.6 0.465 211
0.605 0.47 211
0.605 0.475 211
0.605 0.48 211
0.605 0.475 211
0.61 0.485 211
0.61 0.485 212
0.61 0.47 212
0.615 0.46 212
0.615 0.465 213
0.615 0.475 213
0.62 0.47 213
0.62 0.45 214
0.62 0.48 214
0.625 0.485 215
0.625 0.48 215
0.63 0.47 215
0.63 0.5 215
0.635 0.495 215
0.64 0.515 215
0.645 0.53 215
0.645 0.48 215
0.65 0.5 216
0.65 0.5 216
0.655 0.515 216
0.655 0.51 216
0.66 0.53 216
0.665 0.525 216
0.665 0.5 216
0.67 0.505 216
0.685 0.54 216
0.685 0.52 -1
0.69 0.54 -1
0.69 0.53 -1
0.69 0.53 217
0.695 0.56 217
0.7 0.565 217
0.7 0.575 217
0.7 0.525 217
0.705 0.55 217
0.71 0.56 217
0.715 0.55 218
0.715 0.535 218
0.72 0.58 219
0.72 0.55 219
0.72 0.565 219
0.725 0.505 219
0.73 0.575 219
0.735 0.585 220
0.745 0.565 220
0.75 0.57 221
0.755 0.625 221
0.755 0.58 221
0.78 0.63 222
0.185 0.375 222
0.245 0.205 222
0.25 0.185 222
0.25 0.19 222
0.275 0.195 -1
0.305 0.215 -1
0.31 0.225 -1
0.315 0.23 -1
0.315 0.23 -1
0.325 0.225 -1
0.33 0.25 -1
0.33 0.205 -1
0.335 0.245 -1
0.34 0.25 -1
0.345 0.255 -1
0.345 0.255 -1
0.35 0.27 -1
0.35 0.255 -1
0.36 0.27 -1
0.365 0.27 -1
0.365 0.27 -1
0.365 0.265 -1
0.37 0.29 -1
0.37 0.28 -1
0.375 0.29 -1
0.375 0.29 -1
0.375 0.275 -1
0.375 0.275 -1
0.375 0.28 -1
0.375 0.27 -1
0.38 0.275 -1
0.38 0.27 -1
0.385 0.29 -1
0.385 0.28 223
0.385 0.3 223
0.385 0.28 224
0.39 0.3 224
0.395 0.305 224
0.395 0.295 224
0.395 0.27 224
0.4 0.29 224
0.405 0.285 224
0.41 0.335 224
0.42 0.305 224
0.425 0.325 224
0.425 0.32 224
0.425 0.31 224
0.43 0.34 224
0.43 0.315 224
0.435 0.315 224
0.44 0.34 224
0.45 0.33 224
0.455 0.345 224
0.455 0.365 224
0.455 0.33 224
0.46 0.36 224
0.46 0.35 224
0.46 0.365 224
0.465 0.34 224
0.47 0.365 224
0.47 0.355 224
0.47 0.355 224
0.475 0.355 224
0.475 0.38 224
0.475 0.36 224
0.48 0.37 224
0.48 0.355 224
0.48 0.365 224
0.495 0.355 224
0.495 0.38 224
0.495 0.395 224
0.5 0.38 224
0.5 0.42 224
0.5 0.375 224
0.5 0.41 224
0.5 0.375 224
0.5 0.395 224
0.505 0.405 224
0.505 0.38 224
0.505 0.395 224
0.515 0.38 224
0.515 0.42 224
0.515 0.4 224
0.52 0.4 224
0.52 0.395 224
0.525 0.4 224
0.525 0.42 225
0.53 0.415 225
0.53 0.42 226
0.53 0.415 226
0.53 0.425 227
0.535 0.4 227
0.535 0.415 227
0.535 0.41 227
0.535 0.435 227
0.54 0.42 228
0.54 0.42 228
0.545 0.435 -1
0.545 0.445 229
0.545 0.43 229
0.545 0.405 229
0.55 0.43 230
0.55 0.405 230
0.55 0.43 -1
0.55 0.435 231
0.55 0.425 231
0.555 0.44 -1
0.555 0.43 -1
0.555 0.43 -1
0.555 0.425 -1
0.56 0.425 232
0.56 0.425 232
0.56 0.445 232
0.56 0.455 232
0.565 0.44 -1
0.565 0.45 -1
0.565 0.445 233
0.565 0.39 233
0.57 0.45 -1
0.57 0.45 234
0.57 0.46 234
0.57 0.435 -1
0.57 0.44 -1
0.57 0.435 -1
0.575 0.42 235
0.575 0.48 235
0.575 0.46 -1
0.58 0.46 -1
0.58 0.455 -1
0.58 0.445 -1
0.585 0.465 236
0.585 0.49 236
0.585 0.475 236
0.585 0.46 236
0.585 0.47 237
0.585 0.475 237
0.585 0.45 -1
0.59 0.445 238
0.59 0.47 238
0.59 0.455 -1
0.595 0.465 239
0.595 0.465 239
0.6 0.475 239
0.6 0.48 239
0.6 0.475 239
0.6 0.465 239
0.6 0.455 240
0.6 0.46 240
0.605 0.485 240
0.605 0.49 240
0.605 0.435 241
0.605 0.475 241
0.605 0.47 241
0.61 0.45 242
0.61 0.48 242
0.61 0.475 242
0.61 0.465 242
0.61 0.48 242
0.61 0.46 242
0.615 0.475 242
0.615 0.47 242
0.615 0.5 242
0.615 0.475 242
0.615 0.475 242
0.615 0.48 242
0.615 0.475 242
0.62 0.51 242
0.62 0.495 242
0.62 0.5 242
0.62 0.475 242
0.625 0.455 242
0.625 0.505 242
0.625 0.515 242
0.625 0.48 242
0.63 0.485 242
0.63 0.505 242
0.63 0.485 242
0.63 0.475 242
0.63 0.495 242
0.635 0.49 242
0.635 0.5 243
0.635 0.495 243
0.635 0.475 243
0.635 0.51 243
0.64 0.565 244
0.64 0.525 244
0.645 0.51 244
0.645 0.5 244
0.645 0.525 245
0.65 0.505 245
0.65 0.59 245
0.65 0.525 -1
0.65 0.51 -1
0.65 0.51 246
0.655 0.525 246
0.655 0.535 246
0.655 0.52 247
0.655 0.49 247
0.66 0.495 248
0.66 0.515 248
0.665 0.53 -1
0.67 0.53 249
0.67 0.505 249
0.675 0.545 249
0.685 0.545 249
0.695 0.565 249
0.7 0.545 -1
0.705 0.565 -1
0.705 0.555 -1
0.705 0.57 -1
0.71 0.55 250
0.72 0.575 250
0.72 0.575 251
0.725 0.6 251
0.73 0.58 251
0.735 0.565 -1
0.745 0.57 252
0.75 0.61 252
0.815 0.65 253
0.14 0.105 253
0.23 0.165 253
0.365 0.265 -1
0.365 0.255 -1
0.37 0.27 254
0.375 0.28 254
0.385 0.3 255
0.395 0.295 255
0.4 0.29 255
0.4 0.3 255
0.405 0.31 255
0.405 0.29 255
0.405 0.3 255
0.41 0.32 255
0.415 0.315 255
0.425 0.34 255
0.43 0.34 255
0.44 0.34 255
0.44 0.32 255
0.44 0.365 255
0.45 0.335 255
0.455 0.335 255
0.46 0.355 255
0.47 0.345 255
0.47 0.35 255
0.47 0.355 255
0.475 0.37 255
0.475 0.365 255
0.475 0.365 255
0.48 0.36 255
0.485 0.38 255
0.485 0.39 255
0.485 0.37 255
0.495 0.38 255
0.505 0.385 255
0.505 0.38 255
0.515 0.395 255
0.515 0.425 256
0.515 0.4 256
0.52 0.4 256
0.525 0.4 256
0.53 0.43 256
0.53 0.4 257
0.545 0.41 257
0.55 0.43 -1
0.55 0.425 -1
0.56 0.43 -1
0.56 0.435 258
0.57 0.445 258
0.575 0.465 258
0.575 0.46 259
0.58 0.46 259
0.58 0.435 -1
0.585 0.455 -1
0.59 0.44 260
0.59 0.465 260
0.59 0.46 260
0.595 0.455 260
0.6 0.455 261
0.6 0.465 261
0.605 0.485 261
0.605 0.485 261
0.605 0.515 261
0.61 0.485 261
0.615 0.475 262
0.62 0.485 262
0.62 0.435 262
0.62 0.48 262
0.625 0.52 263
0.625 0.47 263
0.63 0.47 263
0.63 0.5 263
0.63 0.455 263
0.63 0.48 263
0.63 0.49 263
0.635 0.505 263
0.635 0.51 263
0.64 0.515 -1
0.645 0.515 -1
0.645 0.51 264
0.645 0.505 264
0.65 0.545 -1
0.65 0.515 265
0.65 0.5 265
0.65 0.485 265
0.655 0.54 266
0.655 0.51 266
0.66 0.505 266
0.665 0.515 266
0.67 0.545 266
0.67 0.51 -1
0.67 0.5 267
0.68 0.5 267
0.68 0.515 267
0.69 0.525 267
0.7 0.55 267
0.7 0.555 267
0.705 0.56 267
0.72 0.565 -1
0.725 0.575 268
0.74 0.57 268
0.75 0.55 268
0.21 0.17 268
0.285 0.21 -1
0.295 0.215 -1
0.3 0.23 -1
0.305 0.225 -1
0.335 0.255 -1
0.35 0.26 -1
0.355 0.27 -1
0.355 0.26 -1
0.36 0.27 -1
0.36 0.275 -1
0.36 0.265 -1
0.365 0.27 -1
0.37 0.27 -1
0.375 0.28 -1
0.38 0.285 -1
0.38 0.29 -1
0.385 0.29 -1
0.385 0.28 269
0.385 0.3 269
0.39 0.3 270
0.39 0.285 270
0.39 0.29 271
0.41 0.3 271
0.41 0.3 271
0.415 0.325 271
0.425 0.325 271
0.425 0.315 271
0.435 0.335 271
0.435 0.325 271
0.45 0.34 271
0.45 0.335 271
0.455 0.36 271
0.46 0.35 271
0.46 0.355 271
0.465 0.37 271
0.465 0.345 271
0.47 0.355 271
0.475 0.36 271
0.475 0.36 271
0.475 0.36 271
0.48 0.37 271
0.48 0.37 271
0.48 0.355 271
0.485 0.375 271
0.49 0.375 271
0.49 0.4 271
0.495 0.37 271
0.495 0.4 271
0.5 0.4 271
0.5 0.39 271
0.5 0.375 271
0.51 0.395 271
0.515 0.375 271
0.515 0.36 271
0.515 0.35 271
0.515 0.395 271
0.515 0.39 271
0.52 0.41 271
0.52 0.39 271
0.525 0.415 272
0.525 0.39 272
0.525 0.38 272
0.525 0.4 272
0.525 0.4 272
0.53 0.42 272
0.53 0.43 272
0.53 0.4 272
0.53 0.42 273
0.535 0.4 273
0.54 0.43 274
0.54 0.425 274
0.54 0.43 275
0.54 0.455 275
0.54 0.42 275
0.54 0.425 275
0.54 0.425 275
0.545 0.4 275
0.545 0.375 275
0.545 0.42 275
0.55 0.435 276
0.55 0.425 276
0.55 0.42 -1
0.55 0.415 -1
0.55 0.425 277
0.555 0.395 277
0.555 0.435 -1
0.555 0.46 -1
0.56 0.445 278
0.56 0.44 278
0.56 0.425 -1
0.565 0.42 -1
0.565 0.44 -1
0.565 0.44 -1
0.565 0.43 -1
0.57 0.45 -1
0.57 0.45 -1
0.57 0.435 -1
0.57 0.43 -1
0.57 0.445 279
0.57 0.445 279
0.575 0.455 -1
0.575 0.425 280
0.575 0.47 280
0.575 0.45 281
0.575 0.47 281
0.575 0.465 281
0.575 0.445 -1
0.575 0.45 282
0.575 0.435 282
0.575 0.445 283
0.575 0.44 283
0.58 0.435 284
0.58 0.46 284
0.58 0.43 285
0.58 0.445 285
0.585 0.445 286
0.59 0.49 286
0.59 0.45 286
0.59 0.46 -1
0.595 0.435 -1
0.595 0.45 287
0.595 0.45 287
0.595 0.46 288
0.6 0.46 288
0.6 0.475 288
0.6 0.48 -1
0.6 0.48 289
0.6 0.48 289
0.6 0.47 289
0.6 0.47 289
0.605 0.455 289
0.605 0.475 -1
0.605 0.47 290
0.605 0.48 290
0.605 0.47 290
0.605 0.505 291
0.61 0.475 291
0.61 0.465 291
0.61 0.485 291
0.61 0.47 291
0.61 0.475 291
0.61 0.465 292
0.61 0.47 292
0.61 0.485 292
0.615 0.47 292
0.615 0.475 292
0.62 0.485 292
0.62 0.515 292
0.62 0.515 292
0.62 0.54 292
0.62 0.49 292
0.62 0.48 292
0.62 0.47 -1
0.62 0.45 293
0.62 0.48 293
0.62 0.48 293
0.625 0.49 293
0.625 0.475 293
0.625 0.5 293
0.625 0.47 293
0.625 0.485 293
0.625 0.485 293
0.63 0.505 293
0.63 0.5 293
0.63 0.49 293
0.63 0.485 293
0.63 0.495 293
0.635 0.5 -1
0.635 0.5 294
0.635 0.49 294
0.635 0.49 294
0.64 0.505 294
0.64 0.515 294
0.64 0.525 294
0.645 0.505 294
0.645 0.5 294
0.645 0.5 -1
0.645 0.51 295
0.645 0.51 295
0.645 0.51 295
0.645 0.51 295
0.645 0.5 295
0.645 0.51 295
0.645 0.485 295
0.645 0.48 295
0.65 0.495 295
0.65 0.505 295
0.65 0.525 296
0.65 0.51 296
0.655 0.55 296
0.655 0.51 296
0.655 0.505 296
0.655 0.505 297
0.66 0.5 297
0.66 0.535 -1
0.66 0.53 298
0.66 0.51 298
0.665 0.525 299
0.665 0.505 299
0.665 0.505 299
0.665 0.52 299
0.665 0.5 299
0.67 0.505 299
0.67 0.52 300
0.67 0.52 300
0.67 0.55 -1
0.67 0.54 301
0.675 0.525 301
0.675 0.51 301
0.68 0.52 -1
0.68 0.51 -1
0.685 0.52 302
0.685 0.565 302
0.69 0.55 303
0.7 0.565 303
0.7 0.535 303
0.705 0.545 304
0.71 0.575 304
0.71 0.57 304
0.71 0.54 305
0.71 0.56 305
0.72 0.57 305
0.72 0.55 -1
0.72 0.525 -1
0.725 0.565 306
0.73 0.56 306
0.735 0.59 306
0.74 0.565 307
0.75 0.565 307
0.75 0.595 308
0.77 0.62 308
0.775 0.63 -1
0.275 0.175 309
0.375 0.245 309
0.375 0.27 309
0.39 0.28 309
0.435 0.3 309
0.445 0.32 309
0.455 0.335 309
0.455 0.325 310
0.455 0.345 310
0.465 0.325 311
0.465 0.36 311
0.485 0.365 311
0.485 0.37 -1
0.485 0.345 -1
0.49 0.355 312
0.5 0.37 312
0.515 0.35 313
0.515 0.395 313
0.525 0.365 314
0.525 0.38 314
0.53 0.41 -1
0.535 0.425 315
0.535 0.385 315
0.545 0.42 316
0.545 0.415 316
0.545 0.385 316
0.55 0.38 316
0.55 0.42 316
0.57 0.455 316
0.575 0.44 316
0.575 0.45 -1
0.58 0.43 -1
0.585 0.455 -1
0.585 0.45 317
0.6 0.495 317
0.6 0.465 317
0.605 0.475 317
0.605 0.475 317
0.61 0.475 317
0.615 0.455 317
0.62 0.47 317
0.625 0.495 317
0.625 0.49 317
0.635 0.495 317
0.635 0.475 317
0.64 0.475 317
0.645 0.5 317
0.65 0.525 -1
0.65 0.485 -1
0.655 0.52 -1
0.655 0.545 318
0.665 0.515 318
0.675 0.53 -1
0.685 0.535 319
0.695 0.55 319
0.695 0.53 319
0.705 0.545 -1
0.72 0.55 -1
0.72 0.56 -1
0.73 0.575 320
0.185 0.135 320
0.24 0.18 320
0.31 0.215 -1
0.34 0.26 -1
0.35 0.265 -1
0.365 0.27 -1
0.365 0.275 -1
0.365 0.27 321
0.39 0.31 321
0.405 0.3 321
0.41 0.315 321
0.41 0.335 321
0.415 0.31 321
0.415 0.31 321
0.415 0.31 321
0.42 0.325 321
0.43 0.34 321
0.435 0.335 321
0.435 0.33 321
0.435 0.33 321
0.435 0.345 321
0.445 0.33 321
0.465 0.37 321
0.47 0.375 321
0.475 0.34 321
0.485 0.385 321
0.485 0.36 321
0.485 0.37 321
0.495 0.38 321
0.495 0.38 321
0.495 0.375 321
0.5 0.38 321
0.505 0.405 321
0.505 0.4 321
0.51 0.4 321
0.515 0.415 321
0.515 0.42 321
0.515 0.385 321
0.52 0.41 321
0.52 0.415 321
0.52 0.395 321
0.52 0.38 321
0.52 0.385 321
0.525 0.415 321
0.525 0.405 321
0.525 0.4 321
0.53 0.43 321
0.53 0.43 321
0.53 0.395 321
0.53 0.405 321
0.535 0.455 321
0.54 0.425 322
0.54 0.395 322
0.54 0.39 322
0.545 0.425 323
0.545 0.43 323
0.55 0.435 -1
0.55 0.45 -1
0.555 0.435 324
0.555 0.41 324
0.555 0.4 324
0.555 0.45 -1
0.555 0.455 -1
0.56 0.445 -1
0.565 0.445 325
0.565 0.415 325
0.565 0.455 -1
0.565 0.435 -1
0.565 0.45 -1
0.565 0.46 326
0.57 0.46 326
0.57 0.455 -1
0.57 0.44 -1
0.57 0.415 -1
0.57 0.44 -1
0.575 0.45 327
0.575 0.45 327
0.575 0.435 327
0.575 0.455 327
0.575 0.445 328
0.575 0.465 328
0.575 0.45 -1
0.575 0.45 -1
0.575 0.43 -1
0.575 0.475 -1
0.58 0.45 -1
0.58 0.5 329
0.58 0.44 329
0.58 0.44 -1
0.58 0.44 -1
0.595 0.455 330
0.6 0.47 330
0.6 0.46 330
0.6 0.475 330
0.6 0.465 330
0.605 0.49 330
0.605 0.455 331
0.605 0.47 331
0.61 0.48 331
0.61 0.46 331
0.61 0.46 332
0.61 0.47 332
0.615 0.47 332
0.615 0.47 332
0.615 0.495 332
0.615 0.495 332
0.62 0.49 332
0.62 0.49 332
0.62 0.495 332
0.62 0.495 333
0.62 0.47 333
0.62 0.485 333
0.625 0.495 333
0.625 0.515 333
0.625 0.505 333
0.625 0.445 333
0.625 0.52 333
0.625 0.47 333
0.63 0.49 333
0.635 0.485 333
0.635 0.52 333
0.635 0.505 333
0.635 0.525 333
0.635 0.5 333
0.635 0.515 333
0.64 0.53 333
0.64 0.48 333
0.64 0.515 333
0.64 0.49 333
0.64 0.49 333
0.64 0.485 334
0.645 0.51 334
0.645 0.49 334
0.645 0.52 335
0.65 0.52 335
0.65 0.51 335
0.65 0.51 335
0.655 0.515 336
0.655 0.525 336
0.655 0.52 336
0.66 0.535 337
0.66 0.51 337
0.665 0.5 337
0.665 0.515 337
0.665 0.525 -1
0.67 0.53 338
0.675 0.515 338
0.675 0.51 -1
0.68 0.54 -1
0.68 0.54 -1
0.685 0.535 339
0.69 0.55 339
0.695 0.545 340
0.7 0.575 340
0.7 0.55 341
0.7 0.55 341
0.705 0.535 341
0.72 0.575 341
0.72 0.565 342
0.725 0.57 342
0.75 0.55 342
0.76 0.605 343
0.135 0.13 343
0.16 0.11 343
0.21 0.15 343
0.28 0.21 -1
0.28 0.2 -1
0.285 0.215 -1
0.29 0.21 -1
0.29 0.21 -1
0.29 0.21 -1
0.32 0.24 -1
0.325 0.25 -1
0.335 0.25 -1
0.35 0.235 -1
0.35 0.25 -1
0.355 0.27 -1
0.36 0.27 -1
0.36 0.27 -1
0.375 0.28 -1
0.375 0.275 344
0.395 0.29 344
0.405 0.25 344
0.415 0.325 344
0.425 0.315 344
0.43 0.32 344
0.435 0.325 344
0.45 0.33 344
0.46 0.35 344
0.47 0.365 344
0.47 0.375 344
0.475 0.365 344
0.505 0.39 344
0.505 0.395 344
0.505 0.385 344
0.51 0.455 344
0.515 0.4 344
0.525 0.41 344
0.53 0.43 344
0.53 0.405 344
0.545 0.44 -1
0.55 0.47 -1
0.56 0.41 -1
0.565 0.445 -1
0.57 0.435 345
0.58 0.46 345
0.59 0.465 345
0.6 0.45 346
0.605 0.445 346
0.61 0.49 346
0.625 0.515 346
0.66 0.515 347
0.255 0.19 347
0.27 0.195 -1
0.28 0.215 -1
0.285 0.215 -1
0.32 0.255 -1
0.325 0.24 348
0.385 0.28 348
0.395 0.295 348
0.4 0.305 348
0.405 0.31 348
0.415 0.305 348
0.42 0.315 348
0.44 0.305 348
0.445 0.32 348
0.45 0.35 348
0.455 0.355 349
0.46 0.345 349
0.46 0.345 349
0.465 0.36 349
0.465 0.355 349
0.475 0.38 349
0.48 0.35 349
0.485 0.39 349
0.49 0.37 349
0.5 0.39 350
0.5 0.38 350
0.505 0.385 350
0.525 0.385 350
0.535 0.42 350
0.535 0.42 350
0.54 0.385 -1
0.54 0.42 -1
0.545 0.43 -1
0.55 0.41 351
0.55 0.42 351
0.565 0.44 -1
0.58 0.45 -1
0.58 0.435 352
0.585 0.485 352
0.595 0.465 353
0.6 0.47 353
0.61 0.43 354
0.61 0.48 354
0.62 0.49 354
0.645 0.495 354
0.65 0.5 354
0.665 0.525 354
0.685 0.55 354
0.69 0.54 355
0.705 0.57 355
0.71 0.5 355
0.72 0.585 355
0.72 0.575 356
0.73 0.555 356
0.775 0.57 357
0.505 0.39 357
0.53 0.425 357
0.505 0.385 357
0.405 0.305 357
0.415 0.3 357
0.5 0.39 357
0.425 0.33 357
0.47 0.35 357
0.4 0.31 357
0.37 0.29 358
0.5 0.38 358
0.41 0.31 358
0.375 0.29 358
0.49 0.385 358
0.585 0.48 358
0.595 0.455 358
0.675 0.55 359
0.665 0.535 359
0.62 0.49 359
0.325 0.25 360
0.455 0.355 360
0.525 0.405 360
0.385 0.29 361
0.13 0.095 361
0.18 0.13 361
0.31 0.225 362
0.375 0.29 362
0.48 0.38 362
0.455 0.37 362
0.425 0.325 362
0.475 0.36 362
0.435 0.35 362
0.29 0.21 363
0.385 0.295 363
0.47 0.375 363
0.5 0.4 363
0.4 0.31 364
0.62 0.51 364
0.595 0.47 365
0.585 0.455 365
0.32 0.24 366
0.52 0.41 366
0.44 0.35 366
0.44 0.33 366
0.565 0.425 366
0.56 0.425 367
0.59 0.455 367
0.57 0.465 367
0.68 0.53 368
0.45 0.36 368
0.32 0.24 369
0.46 0.35 369
0.47 0.37 369
0.455 0.35 369
0.415 0.325 369
0.465 0.35 369
0.46 0.375 369
0.415 0.31 369
0.27 0.195 370
0.445 0.355 370
0.745 0.585 370
0.4 0.3 370
0.28 0.2 -1
0.55 0.44 371
0.58 0.46 371
0.61 0.5 371
0.62 0.495 -1
0.56 0.42 372
0.64 0.51 372
0.69 0.55 372
0.715 0.565 372
0.71 0.565 372
0.55 0.47 373
0.375 0.305 373
0.61 0.45 373
0.38 0.28 373
0.37 0.275 -1
0.335 0.235 374
0.165 0.115 374
0.285 0.21 375
0.19 0.13 375
0.215 0.15 375
0.595 0.465 376
0.645 0.5 376
0.575 0.45 377
0.57 0.45 377
0.58 0.45 377
0.595 0.48 377
0.595 0.47 377
0.625 0.42 377
0.535 0.42 -1
0.55 0.43 -1
0.495 0.4 -1
0.32 0.235 378
0.445 0.34 378
0.52 0.4 378
0.495 0.385 378
0.47 0.37 378
0.49 0.37 378
0.58 0.47 -1
0.645 0.495 379
0.575 0.485 379
0.215 0.17 379
0.43 0.325 379
0.26 0.215 -1
0.37 0.28 380
0.405 0.305 380
0.27 0.19 380
0.68 0.55 381
0.65 0.515 381
0.645 0.49 -1
0.57 0.405 382
0.615 0.48 382
0.42 0.345 382
0.275 0.22 -1
0.29 0.225 383
0.42 0.34 383
0.625 0.525 -1
0.55 0.465 -1
0.66 0.505 384
0.565 0.47 384
0.595 0.495 -1
0.63 0.51 385
0.43 0.325 385
0.455 0.35 385
0.33 0.26 -1
0.515 0.415 -1
0.495 0.39 386
0.485 0.375 386
0.535 0.46 387
0.58 0.465 387
0.625 0.525 -1
0.555 0.455 -1
0.55 0.425 -1
0.59 0.475 -1
0.355 0.28 388
0.275 0.2 388
0.505 0.39 388
0.37 0.28 -1
0.555 0.43 389
0.505 0.4 389
0.56 0.445 390
0.595 0.475 390
0.57 0.45 391
0.6 0.48 391
0.56 0.435 391
0.585 0.465 391
0.46 0.335 391
0.46 0.36 391
0.415 0.315 391
0.435 0.32 391
0.475 0.38 391
0.465 0.36 391
0.355 0.28 392
0.46 0.375 392
0.38 0.325 392
0.47 0.365 392
0.36 0.27 393
0.585 0.455 393
0.655 0.59 394
0.6 0.485 394
0.57 0.46 394
0.645 0.5 395
0.65 0.495 395
0.51 0.395 395
0.52 0.38 395
0.495 0.415 395
0.43 0.335 395
0.59 0.465 395
0.55 0.46 -1
0.585 0.43 -1
0.58 0.455 -1
0.62 0.51 -1
0.59 0.45 -1
0.72 0.575 396
0.635 0.51 396
0.61 0.48 396
0.545 0.445 -1
0.57 0.45 397
0.6 0.475 397
0.52 0.41 -1
0.635 0.51 398
0.67 0.52 398
0.695 0.57 399
0.655 0.525 399
0.62 0.48 399
0.6 0.475 399
0.51 0.405 399
0.525 0.405 400
0.44 0.375 400
0.485 0.415 400
0.495 0.385 400
0.435 0.345 400
0.405 0.315 400
0.42 0.33 400
0.5 0.395 400
0.385 0.305 400
0.33 0.265 401
0.58 0.475 401
0.325 0.27 402
0.475 0.375 402
0.38 0.3 402
0.34 0.26 403
0.525 0.425 403
0.52 0.415 -1
0.535 0.45 404
0.475 0.36 404
0.415 0.325 404
0.495 0.385 404
0.48 0.405 404
0.52 0.425 405
0.46 0.375 405
0.58 0.455 406
0.59 0.49 406
0.55 0.415 407
0.65 0.5 407
0.465 0.375 407
0.455 0.355 407
0.47 0.375 407
0.435 0.35 407
0.35 0.265 407
0.315 0.24 408
0.595 0.47 408
0.58 0.475 -1
0.575 0.435 -1
0.535 0.435 -1
0.515 0.42 409
0.505 0.385 409
0.505 0.395 409
0.4 0.31 409
0.49 0.395 409
0.53 0.435 409
0.395 0.325 409
0.665 0.535 410
0.415 0.305 410
0.43 0.345 410
0.475 0.395 410
0.525 0.425 411
0.48 0.39 411
0.42 0.345 411
0.59 0.46 412
0.515 0.42 412
0.695 0.55 413
0.8 0.63 413
0.61 0.49 413
0.565 0.48 -1
0.56 0.455 -1
0.655 0.485 414
0.64 0.52 414
0.59 0.47 -1
0.31 0.24 415
0.255 0.185 415
0.17 0.125 415
0.67 0.55 415
0.71 0.565 415
0.56 0.43 416
0.505 0.4 416
0.525 0.43 417
0.45 0.36 417
0.515 0.435 417
0.59 0.475 418
0.7 0.53 418
0.72 0.56 418
0.635 0.495 418
0.555 0.44 419
0.575 0.47 419
0.585 0.455 419
0.61 0.485 419
0.645 0.525 -1
0.545 0.44 -1
0.55 0.45 420
0.66 0.525 420
0.57 0.475 420
0.6 0.47 420
0.63 0.505 420
0.695 0.57 420
0.65 0.545 420
0.72 0.595 420
0.56 0.44 421
0.42 0.325 421
0.18 0.125 421
0.405 0.325 421
0.5 0.405 421
0.435 0.335 421
0.34 0.275 422
0.43 0.34 422
0.535 0.41 422
0.415 0.325 422
0.36 0.265 423
0.175 0.135 423
0.155 0.115 423
0.525 0.43 423
0.525 0.39 423
0.44 0.345 423
0.45 0.345 423
0.485 0.365 423
0.47 0.35 423
0.515 0.375 423
0.42 0.34 423
0.455 0.35 423
0.37 0.29 -1
0.33 0.25 -1
0.3 0.22 424
0.625 0.46 424
0.61 0.475 424
0.625 0.465 424
0.635 0.505 424
0.5 0.385 -1
0.53 0.43 425
0.445 0.33 425
0.585 0.415 425
0.44 0.355 425
0.29 0.225 -1
0.555 0.455 426
0.655 0.515 426
0.58 0.46 426
0.625 0.43 426
0.62 0.485 426
0.64 0.5 426
0.505 0.375 426
0.5 0.395 426
0.31 0.245 427
0.505 0.38 427
0.42 0.305 427
0.4 0.315 427
0.425 0.315 427
0.31 0.235 428
0.465 0.35 428
0.465 0.36 428
0.35 0.255 429
0.52 0.415 429
0.475 0.365 429
0.41 0.315 429
0.26 0.2 -1
0.575 0.45 -1
0.565 0.435 -1
0.26 0.19 430
0.53 0.385 430
0.34 0.255 431
0.52 0.38 431
0.635 0.5 431
0.61 0.485 431
0.66 0.515 432
0.635 0.5 432
0.465 0.38 432
0.515 0.4 -1
0.335 0.24 -1
0.515 0.4 -1
0.345 0.255 433
0.465 0.355 433
0.54 0.415 434
0.475 0.355 434
0.445 0.335 434
0.5 0.355 434
0.5 0.38 434
0.55 0.435 -1
0.275 0.205 -1
0.35 0.265 -1
0.37 0.285 435
0.42 0.33 435
0.35 0.26 436
0.395 0.305 436
0.325 0.2 -1
0.275 0.2 437
0.235 0.17 437
0.25 0.18 437
0.25 0.185 437
0.2 0.145 437
0.585 0.47 437
0.445 0.35 437
0.5 0.385 437
0.44 0.325 437
0.515 0.405 438
0.52 0.405 438
0.5 0.39 438
0.425 0.325 438
0.51 0.415 -1
0.37 0.275 -1
0.54 0.415 439
0.615 0.475 439
0.565 0.44 439
0.645 0.515 440
0.615 0.47 440
0.605 0.49 440
0.59 0.455 440
0.645 0.485 441
0.57 0.42 441
0.47 0.355 441
0.5 0.44 441
0.52 0.425 441
0.39 0.285 441
0.52 0.4 -1
0.54 0.415 442
0.46 0.36 442
0.355 0.26 443
0.49 0.4 443
0.63 0.51 443
0.5 0.385 443
0.49 0.39 443
0.44 0.325 443
0.515 0.395 444
0.475 0.38 444
0.42 0.31 444
0.4 0.305 444
0.45 0.36 444
0.52 0.4 444
0.505 0.4 -1
0.495 0.4 -1
0.54 0.41 445
0.48 0.39 445
0.33 0.26 -1
0.285 0.21 -1
0.3 0.23 -1
0.31 0.24 -1
0.34 0.255 -1
0.375 0.3 446
0.415 0.325 446
0.415 0.315 446
0.415 0.315 446
0.42 0.32 446
0.425 0.31 446
0.465 0.375 446
0.465 0.35 446
0.47 0.37 446
0.47 0.375 446
0.475 0.365 446
0.48 0.37 446
0.5 0.4 447
0.505 0.39 447
0.525 0.425 -1
0.54 0.42 -1
0.545 0.45 448
0.565 0.44 448
0.58 0.46 448
0.59 0.455 448
0.59 0.48 448
0.595 0.49 448
0.6 0.475 449
0.6 0.5 449
0.6 0.485 449
0.605 0.475 449
0.625 0.49 449
0.63 0.5 449
0.64 0.585 449
0.64 0.5 -1
0.655 0.545 450
0.66 0.525 450
0.66 0.535 450
0.675 0.555 450
0.675 0.55 450
0.69 0.55 450
0.695 0.53 -1
0.7 0.525 -1
0.73 0.57 451
0.205 0.15 451
0.225 0.17 451
0.23 0.18 451
0.275 0.195 451
0.28 0.21 -1
0.28 0.22 -1
0.295 0.22 -1
0.31 0.225 -1
0.315 0.235 -1
0.34 0.265 -1
0.37 0.29 -1
0.38 0.285 452
0.39 0.295 452
0.405 0.31 452
0.415 0.325 452
0.44 0.335 452
0.44 0.345 452
0.44 0.325 452
0.44 0.355 452
0.45 0.35 452
0.45 0.35 452
0.455 0.35 452
0.46 0.35 452
0.46 0.345 452
0.46 0.345 452
0.465 0.355 452
0.465 0.34 452
0.475 0.385 452
0.475 0.355 452
0.48 0.37 452
0.5 0.375 452
0.5 0.38 452
0.505 0.385 452
0.515 0.395 452
0.525 0.415 -1
0.525 0.425 -1
0.53 0.42 453
0.53 0.41 453
0.53 0.405 454
0.54 0.435 454
0.55 0.425 454
0.555 0.425 455
0.57 0.445 455
0.57 0.435 -1
0.575 0.45 -1
0.58 0.445 -1
0.585 0.45 456
0.59 0.465 456
0.595 0.47 456
0.595 0.465 456
0.595 0.465 456
0.6 0.46 457
0.6 0.46 457
0.6 0.46 457
0.61 0.48 457
0.615 0.485 457
0.615 0.5 457
0.615 0.47 457
0.62 0.51 457
0.62 0.485 457
0.62 0.475 457
0.625 0.48 457
0.625 0.49 457
0.625 0.49 457
0.63 0.495 458
0.63 0.495 458
0.63 0.48 458
0.635 0.495 459
0.635 0.495 459
0.645 0.49 459
0.645 0.5 -1
0.65 0.5 460
0.67 0.52 460
0.69 0.545 460
0.69 0.54 460
0.695 0.55 460
0.695 0.525 460
0.7 0.575 460
0.705 0.56 460
0.765 0.585 460
0.77 0.6 461
0.22 0.16 461
0.275 0.205 -1
0.29 0.21 -1
0.33 0.24 -1
0.355 0.285 -1
0.375 0.29 462
0.415 0.315 462
0.425 0.33 462
0.425 0.34 462
0.43 0.32 462
0.44 0.34 462
0.44 0.335 462
0.46 0.345 462
0.46 0.37 462
0.465 0.355 462
0.475 0.365 463
0.475 0.375 463
0.485 0.375 463
0.49 0.375 463
0.49 0.38 463
0.495 0.38 463
0.5 0.39 463
0.5 0.38 463
0.505 0.4 463
0.51 0.395 463
0.51 0.385 463
0.515 0.4 463
0.52 0.395 463
0.545 0.43 -1
0.545 0.42 -1
0.545 0.42 -1
0.545 0.4 464
0.55 0.42 464
0.55 0.44 465
0.555 0.425 465
0.565 0.43 -1
0.57 0.45 466
0.57 0.45 466
0.57 0.43 -1
0.575 0.48 -1
0.58 0.455 -1
0.585 0.45 467
0.585 0.435 467
0.59 0.47 468
0.59 0.46 468
0.59 0.46 468
0.595 0.465 468
0.595 0.47 468
0.595 0.46 469
0.6 0.49 469
0.605 0.48 469
0.615 0.475 469
0.615 0.45 469
0.615 0.47 469
0.615 0.475 469
0.62 0.49 469
0.62 0.48 469
0.625 0.495 470
0.625 0.49 470
0.625 0.48 470
0.63 0.505 470
0.63 0.51 470
0.63 0.465 470
0.645 0.515 470
0.645 0.48 470
0.645 0.52 470
0.65 0.515 470
0.65 0.52 470
0.65 0.535 470
0.65 0.51 471
0.65 0.49 471
0.66 0.515 472
0.665 0.505 472
0.67 0.5 472
0.67 0.51 472
0.675 0.55 -1
0.68 0.52 -1
0.68 0.53 473
0.7 0.525 473
0.7 0.55 474
0.725 0.53 474
0.725 0.55 475
0.735 0.57 475
0.74 0.575 475
0.75 0.555 476
0.19 0.14 476
0.21 0.15 476
0.25 0.175 476
0.29 0.215 -1
0.335 0.25 -1
0.34 0.245 -1
0.345 0.255 -1
0.355 0.255 -1
0.36 0.26 -1
0.37 0.275 477
0.375 0.29 477
0.375 0.275 478
0.385 0.3 478
0.385 0.285 479
0.395 0.32 479
0.4 0.305 479
0.405 0.305 479
0.405 0.31 480
0.405 0.305 480
0.405 0.3 480
0.41 0.315 480
0.41 0.325 480
0.415 0.335 480
0.42 0.325 480
0.42 0.315 480
0.43 0.34 480
0.445 0.36 480
0.45 0.325 480
0.45 0.335 480
0.455 0.34 480
0.46 0.35 480
0.46 0.345 480
0.475 0.355 480
0.48 0.375 480
0.485 0.38 480
0.485 0.365 480
0.49 0.365 480
0.505 0.385 480
0.505 0.38 480
0.51 0.385 481
0.515 0.395 481
0.515 0.41 481
0.515 0.39 481
0.525 0.385 481
0.525 0.415 481
0.525 0.4 481
0.525 0.375 481
0.535 0.43 -1
0.545 0.44 482
0.55 0.43 482
0.55 0.425 -1
0.55 0.42 483
0.55 0.425 483
0.55 0.465 484
0.555 0.435 484
0.555 0.445 484
0.56 0.44 485
0.56 0.435 485
0.565 0.43 486
0.57 0.445 486
0.575 0.435 487
0.58 0.44 487
0.58 0.465 487
0.58 0.425 -1
0.585 0.46 -1
0.585 0.465 488
0.585 0.42 488
0.585 0.455 -1
0.59 0.47 489
0.59 0.475 489
0.595 0.475 489
0.6 0.48 489
0.6 0.495 489
0.6 0.45 490
0.6 0.51 490
0.61 0.48 490
0.61 0.45 491
0.615 0.46 491
0.62 0.465 491
0.62 0.48 491
0.625 0.5 491
0.625 0.49 491
0.63 0.505 491
0.63 0.475 491
0.63 0.47 491
0.63 0.525 491
0.64 0.505 491
0.64 0.485 491
0.64 0.495 491
0.64 0.495 491
0.64 0.515 491
0.65 0.52 491
0.65 0.51 492
0.66 0.505 492
0.66 0.525 493
0.675 0.525 493
0.7 0.54 493
0.705 0.54 493
0.71 0.565 -1
0.72 0.55 -1
0.725 0.57 494
0.24 0.17 494
0.255 0.195 494
0.275 0.2 -1
0.32 0.235 -1
0.325 0.24 -1
0.33 0.225 -1
0.36 0.27 -1
0.375 0.265 -1
0.375 0.285 -1
0.39 0.29 495
0.45 0.335 495
0.455 0.35 495
0.46 0.365 495
0.495 0.375 495
0.5 0.365 495
0.5 0.375 495
0.52 0.4 -1
0.52 0.395 -1
0.525 0.43 -1
0.535 0.405 -1
0.54 0.42 -1
0.54 0.415 -1
0.57 0.425 -1
0.57 0.42 496
0.58 0.445 496
0.58 0.445 497
0.59 0.47 497
0.59 0.455 497
0.59 0.485 497
0.595 0.435 497
0.6 0.475 497
0.6 0.45 497
0.605 0.475 497
0.62 0.48 497
0.625 0.475 497
0.625 0.5 497
0.625 0.485 497
0.63 0.49 497
0.63 0.485 497
0.635 0.51 497
0.645 0.49 497
0.645 0.49 497
0.65 0.525 498
0.655 0.515 498
0.655 0.515 499
0.665 0.515 499
0.695 0.54 499
0.72 0.565 499
0.72 0.55 500
0.72 0.565 500
0.735 0.57 -1
0.74 0.595 -1
0.31 0.23 -1
0.315 0.235 -1
0.32 0.205 -1
0.325 0.25 -1
0.335 0.26 -1
0.37 0.28 -1
0.37 0.27 -1
0.375 0.28 501
0.4 0.315 501
0.41 0.305 502
0.425 0.34 502
0.435 0.335 502
0.445 0.31 502
0.46 0.36 502
0.465 0.35 502
0.47 0.385 502
0.475 0.375 502
0.495 0.375 502
0.5 0.39 502
0.5 0.37 502
0.505 0.425 502
0.505 0.4 502
0.505 0.365 502
0.51 0.4 502
0.51 0.4 502
0.52 0.4 502
0.52 0.465 503
0.53 0.38 503
0.53 0.405 -1
0.535 0.445 -1
0.54 0.425 504
0.54 0.415 504
0.545 0.43 -1
0.545 0.43 -1
0.55 0.435 505
0.55 0.425 505
0.55 0.435 506
0.56 0.43 506
0.56 0.435 -1
0.575 0.425 507
0.575 0.455 507
0.575 0.45 507
0.58 0.465 508
0.58 0.46 508
0.58 0.45 508
0.58 0.45 -1
0.58 0.445 -1
0.58 0.44 -1
0.585 0.45 509
0.59 0.5 509
0.59 0.46 510
0.59 0.475 510
0.595 0.47 510
0.595 0.46 510
0.6 0.445 511
0.6 0.48 511
0.6 0.45 511
0.6 0.45 511
0.6 0.465 511
0.605 0.495 511
0.605 0.49 511
0.605 0.48 511
0.61 0.425 511
0.61 0.47 511
0.61 0.48 511
0.61 0.49 511
0.615 0.475 511
0.615 0.515 511
0.615 0.455 512
0.615 0.495 512
0.62 0.475 512
0.62 0.475 512
0.625 0.495 512
0.625 0.515 512
0.625 0.5 512
0.625 0.49 -1
0.625 0.49 513
0.63 0.48 513
0.63 0.53 513
0.63 0.485 513
0.63 0.51 513
0.635 0.485 513
0.635 0.52 513
0.635 0.485 513
0.635 0.5 513
0.635 0.515 513
0.64 0.505 513
0.64 0.575 514
0.645 0.485 514
0.645 0.52 514
0.645 0.495 515
0.65 0.52 515
0.65 0.565 515
0.655 0.5 -1
0.655 0.515 516
0.66 0.525 516
0.66 0.525 517
0.665 0.51 517
0.67 0.485 517
0.67 0.525 -1
0.67 0.525 -1
0.67 0.525 -1
0.67 0.54 518
0.68 0.515 518
0.68 0.505 518
0.685 0.505 519
0.69 0.515 519
0.715 0.55 519
0.72 0.58 -1
0.735 0.59 520
0.745 0.575 520
0.32 0.215 521
0.43 0.345 521
0.43 0.33 521
0.485 0.365 521
0.49 0.355 521
0.5 0.37 521
0.505 0.38 521
0.51 0.37 521
0.525 0.41 522
0.535 0.4 522
0.535 0.4 523
0.535 0.405 523
0.555 0.405 523
0.555 0.425 -1
0.56 0.425 524
0.59 0.44 524
0.595 0.485 524
0.595 0.43 524
0.595 0.43 525
0.61 0.475 525
0.61 0.485 525
0.62 0.5 525
0.625 0.49 525
0.635 0.51 525
0.635 0.525 525
0.64 0.485 525
0.64 0.495 525
0.645 0.505 526
0.655 0.505 526
0.67 0.515 527
0.68 0.54 527
0.7 0.545 -1
0.73 0.585 -1
0.75 0.615 528
0.255 0.185 528
0.375 0.26 -1
0.375 0.285 529
0.39 0.3 529
0.39 0.28 -1
0.395 0.3 530
0.42 0.32 530
0.435 0.335 530
0.435 0.325 530
0.44 0.32 530
0.45 0.33 530
0.45 0.34 530
0.455 0.355 530
0.46 0.37 530
0.47 0.375 530
0.475 0.375 530
0.495 0.33 530
0.495 0.375 530
0.5 0.38 530
0.515 0.385 530
0.52 0.41 530
0.52 0.395 530
0.525 0.4 530
0.535 0.42 530
0.535 0.41 530
0.54 0.42 531
0.55 0.405 531
0.55 0.445 -1
0.56 0.45 -1
0.565 0.44 -1
0.57 0.45 -1
0.57 0.47 532
0.575 0.47 532
0.575 0.43 -1
0.575 0.445 -1
0.575 0.445 -1
0.58 0.435 533
0.585 0.45 533
0.59 0.435 533
0.59 0.47 533
0.59 0.405 534
0.595 0.47 534
0.595 0.48 -1
0.595 0.46 -1
0.6 0.45 -1
0.6 0.45 535
0.61 0.495 535
0.615 0.485 535
0.615 0.49 535
0.62 0.475 536
0.625 0.515 536
0.63 0.515 536
0.63 0.495 536
0.635 0.505 536
0.635 0.49 536
0.635 0.5 536
0.64 0.485 536
0.64 0.5 536
0.65 0.505 537
0.65 0.51 537
0.655 0.54 538
0.655 0.49 538
0.655 0.455 538
0.66 0.53 539
0.665 0.525 539
0.675 0.52 539
0.68 0.52 540
0.68 0.56 540
0.685 0.51 -1
0.695 0.535 541
0.7 0.555 541
0.71 0.56 541
0.73 0.55 -1
0.755 0.575 542
0.225 0.17 542
0.23 0.17 542
0.255 0.185 542
0.355 0.27 543
0.425 0.31 543
0.425 0.32 543
0.455 0.35 543
0.46 0.355 543
0.495 0.38 543
0.51 0.395 543
0.52 0.43 543
0.525 0.4 543
0.53 0.415 543
0.53 0.395 543
0.545 0.435 544
0.55 0.43 544
0.575 0.48 -1
0.58 0.43 -1
0.595 0.455 545
0.6 0.465 545
0.645 0.5 -1
0.66 0.525 -1
0.29 0.215 -1
0.3 0.22 546
0.37 0.275 546
0.375 0.285 -1
0.38 0.29 547
0.395 0.3 547
0.41 0.325 547
0.415 0.32 547
0.425 0.325 547
0.44 0.34 547
0.44 0.34 547
0.465 0.405 548
0.47 0.36 548
0.51 0.415 548
0.525 0.4 548
0.525 0.4 548
0.55 0.425 -1
0.56 0.42 -1
0.575 0.45 -1
0.575 0.45 549
0.585 0.46 549
0.615 0.495 549
0.62 0.485 549
0.63 0.495 549
0.63 0.49 549
0.67 0.515 549
0.675 0.505 -1
0.685 0.53 550
0.485 0.39 550
0.46 0.36 550
0.46 0.35 550
0.535 0.42 551
0.465 0.36 551
0.51 0.4 551
0.335 0.26 -1
0.55 0.425 552
0.18 0.135 552
0.215 0.165 552
0.2 0.15 552
0.625 0.48 552
0.55 0.42 553
0.585 0.45 553
0.645 0.5 553
0.71 0.53 553
0.7 0.54 554
0.655 0.505 554
0.665 0.5 555
0.47 0.375 555
0.425 0.335 555
0.54 0.41 555
0.505 0.395 555
0.535 0.44 556
0.43 0.35 556
0.55 0.435 -1
0.34 0.255 -1
0.275 0.2 -1
0.335 0.22 557
0.64 0.49 557
0.55 0.44 558
0.64 0.475 558
0.545 0.41 558
0.64 0.54 559
0.605 0.49 559
0.605 0.47 559
0.56 0.45 -1
0.57 0.465 -1
0.525 0.405 560
0.505 0.405 560
0.35 0.265 561
0.45 0.355 561
0.51 0.405 561
0.49 0.38 561
0.505 0.41 561
0.38 0.3 -1
0.27 0.195 -1
0.37 0.295 562
0.5 0.385 562
0.645 0.505 562
0.565 0.44 563
0.67 0.545 563
0.59 0.415 564
0.47 0.36 564
0.51 0.385 564
0.72 0.575 -1
0.55 0.405 565
0.2 0.145 565
0.65 0.515 565
0.525 0.405 565
0.565 0.435 565
0.61 0.47 565
0.545 0.405 -1
0.325 0.245 -1
0.31 0.235 566
0.45 0.335 566
0.49 0.38 566
0.505 0.405 566
0.385 0.3 566
0.62 0.485 567
0.635 0.505 567
0.665 0.53 -1
0.335 0.265 -1
0.295 0.215 568
0.48 0.38 568
0.32 0.25 569
0.43 0.34 569
0.565 0.45 569
0.6 0.48 569
0.585 0.46 569
0.555 0.42 570
0.57 0.495 570
0.62 0.485 570
0.63 0.51 571
0.425 0.34 571
0.64 0.505 571
0.675 0.525 572
0.5 0.4 572
0.385 0.305 572
0.52 0.435 573
0.52 0.415 573
0.64 0.525 573
0.44 0.35 573
0.42 0.32 573
0.45 0.35 573
0.42 0.325 573
0.64 0.505 573
0.57 0.455 574
0.41 0.325 574
0.485 0.41 574
0.61 0.48 574
0.59 0.485 574
0.665 0.535 -1
0.345 0.285 575
0.635 0.51 575
0.695 0.53 -1
0.69 0.54 -1
0.555 0.435 -1
0.65 0.525 -1
0.635 0.48 576
0.655 0.51 576
0.69 0.555 576
0.695 0.55 -1
0.55 0.435 577
0.61 0.495 577
0.595 0.5 577
0.3 0.24 578
0.435 0.35 578
0.455 0.375 578
0.48 0.38 578
0.43 0.35 578
0.435 0.35 578
0.3 0.23 -1
0.575 0.48 579
0.505 0.385 579
0.455 0.375 579
0.64 0.505 -1
0.56 0.435 580
0.645 0.52 580
0.595 0.485 580
0.565 0.45 581
0.655 0.5 581
0.48 0.38 581
0.495 0.385 581
0.4 0.335 581
0.41 0.31 581
0.595 0.465 581
0.625 0.475 -1
0.52 0.425 582
0.465 0.36 582
0.475 0.375 582
0.5 0.405 582
0.46 0.355 582
0.485 0.385 582
0.465 0.39 582
0.525 0.415 582
0.655 0.53 -1
0.69 0.54 -1
0.55 0.45 583
0.58 0.475 583
0.59 0.475 -1
0.565 0.44 -1
0.665 0.57 584
0.62 0.51 584
0.55 0.46 584
0.605 0.475 584
0.535 0.42 584
0.51 0.395 584
0.53 0.405 584
0.495 0.375 584
0.575 0.455 584
0.63 0.5 584
0.59 0.45 585
0.605 0.485 585
0.645 0.5 585
0.62 0.5 585
0.605 0.485 585
0.615 0.5 585
0.66 0.525 585
0.71 0.575 -1
0.565 0.45 -1
0.57 0.435 586
0.6 0.445 586
0.41 0.3 587
0.45 0.325 587
0.275 0.2 588
0.485 0.355 588
0.62 0.485 588
0.48 0.38 588
0.505 0.41 588
0.4 0.31 588
0.45 0.355 588
0.35 0.26 589
0.44 0.35 589
0.265 0.2 589
0.165 0.125 589
0.705 0.555 -1
0.535 0.425 590
0.49 0.385 590
0.48 0.37 590
0.395 0.3 590
0.375 0.28 -1
0.345 0.265 -1
0.55 0.415 591
0.635 0.48 591
0.575 0.475 591
0.545 0.435 591
0.385 0.305 591
0.51 0.34 591
0.44 0.34 591
0.45 0.36 591
0.39 0.3 592
0.425 0.325 592
0.45 0.35 592
0.66 0.525 592
0.685 0.525 -1
0.585 0.475 -1
0.54 0.435 593
0.49 0.39 593
0.43 0.33 593
0.455 0.365 593
0.495 0.38 593
0.48 0.38 593
0.47 0.4 593
0.415 0.32 593
0.49 0.385 593
0.47 0.375 593
0.445 0.345 593
0.51 0.38 593
0.52 0.405 594
0.475 0.365 594
0.455 0.36 594
0.435 0.34 594
0.39 0.3 594
0.375 0.285 -1
0.285 0.215 595
0.58 0.445 595
0.58 0.44 595
0.41 0.315 595
0.41 0.3 595
0.54 0.405 -1
0.33 0.245 596
0.44 0.31 596
0.28 0.21 597
0.59 0.465 597
0.61 0.48 597
0.61 0.46 597
0.455 0.345 597
0.33 0.235 598
0.44 0.33 598
0.54 0.405 599
0.475 0.375 599
0.46 0.33 599
0.31 0.235 600
0.255 0.19 600
0.335 0.255 -1
0.295 0.21 601
0.19 0.13 601
0.545 0.435 601
0.495 0.4 601
0.5 0.375 601
0.305 0.225 602
0.475 0.35 602
0.515 0.4 -1
0.545 0.41 603
0.74 0.535 603
0.565 0.465 603
0.56 0.44 603
0.545 0.42 -1
0.645 0.515 604
0.575 0.435 604
0.62 0.48 604
0.605 0.45 604
0.605 0.475 605
0.475 0.375 605
0.365 0.285 606
0.46 0.35 606
0.53 0.43 607
0.48 0.395 607
0.455 0.345 607
0.35 0.265 -1
0.37 0.28 -1
0.34 0.25 -1
0.35 0.28 -1
0.35 0.265 608
0.39 0.315 608
0.395 0.31 608
0.415 0.31 608
0.43 0.32 608
0.48 0.355 608
0.49 0.395 608
0.49 0.37 608
0.56 0.465 608
0.56 0.45 609
0.58 0.46 609
0.58 0.48 609
0.59 0.47 609
0.595 0.475 609
0.6 0.475 609
0.61 0.47 609
0.63 0.475 609
0.64 0.51 609
0.65 0.545 610
0.71 0.55 610
0.74 0.605 610
0.25 0.18 610
0.28 0.21 -1
0.325 0.24 -1
0.35 0.265 -1
0.36 0.27 -1
0.365 0.27 -1
0.37 0.28 -1
0.375 0.285 -1
0.38 0.275 611
0.395 0.3 611
0.43 0.335 611
0.44 0.35 611
0.465 0.37 611
0.465 0.355 611
0.48 0.37 611
0.485 0.37 611
0.49 0.4 611
0.495 0.4 611
0.5 0.385 611
0.505 0.39 611
0.52 0.39 611
0.52 0.395 612
0.525 0.44 612
0.55 0.44 -1
0.555 0.44 -1
0.555 0.42 613
0.575 0.46 613
0.6 0.475 613
0.61 0.48 613
0.61 0.495 613
0.61 0.47 613
0.615 0.505 613
0.62 0.485 613
0.625 0.495 613
0.625 0.47 613
0.625 0.485 614
0.635 0.495 614
0.64 0.48 614
0.64 0.5 -1
0.66 0.525 615
0.665 0.52 615
0.715 0.585 616
0.72 0.565 616
0.725 0.58 617
0.165 0.12 617
0.21 0.15 617
0.355 0.265 618
0.4 0.315 618
0.4 0.29 619
0.4 0.3 619
0.435 0.335 619
0.44 0.33 619
0.45 0.34 619
0.465 0.345 619
0.47 0.355 619
0.47 0.355 619
0.475 0.42 619
0.485 0.37 619
0.505 0.475 619
0.51 0.405 619
0.52 0.38 619
0.53 0.42 619
0.535 0.42 620
0.55 0.44 620
0.555 0.44 -1
0.555 0.44 -1
0.555 0.43 -1
0.56 0.415 -1
0.575 0.44 621
0.585 0.45 621
0.59 0.46 622
0.595 0.47 622
0.6 0.41 623
0.6 0.475 623
0.61 0.47 623
0.615 0.49 623
0.62 0.51 623
0.625 0.495 623
0.625 0.47 623
0.64 0.5 623
0.64 0.475 623
0.645 0.52 623
0.65 0.505 -1
0.655 0.52 -1
0.655 0.54 624
0.66 0.5 624
0.67 0.525 624
0.69 0.525 625
0.7 0.575 625
0.7 0.56 625
0.71 0.57 626
0.715 0.545 626
0.72 0.545 626
0.215 0.15 626
0.24 0.185 626
0.26 0.205 -1
0.32 0.24 -1
0.33 0.23 -1
0.335 0.26 -1
0.35 0.26 -1
0.35 0.265 -1
0.36 0.265 -1
0.36 0.265 -1
0.365 0.275 -1
0.38 0.285 627
0.4 0.31 627
0.4 0.315 627
0.4 0.265 627
0.425 0.325 627
0.43 0.325 627
0.435 0.335 627
0.435 0.34 627
0.445 0.355 627
0.45 0.35 627
0.455 0.435 627
0.46 0.34 627
0.475 0.355 627
0.475 0.36 627
0.475 0.35 627
0.48 0.355 627
0.495 0.37 627
0.5 0.365 627
0.505 0.39 627
0.515 0.4 627
0.525 0.39 627
0.53 0.405 627
0.53 0.42 627
0.535 0.415 628
0.535 0.41 628
0.54 0.41 628
0.55 0.425 629
0.565 0.45 629
0.57 0.47 629
0.57 0.42 -1
0.57 0.42 -1
0.575 0.455 -1
0.575 0.44 -1
0.575 0.475 -1
0.575 0.45 -1
0.58 0.46 -1
0.58 0.46 -1
0.58 0.47 630
0.58 0.47 630
0.585 0.465 631
0.585 0.46 631
0.595 0.465 632
0.6 0.47 632
0.6 0.47 633
0.6 0.475 633
0.6 0.475 633
0.6 0.475 633
0.6 0.485 634
0.62 0.48 634
0.625 0.48 634
0.625 0.475 634
0.625 0.5 634
0.625 0.49 634
0.625 0.485 634
0.63 0.465 634
0.635 0.495 634
0.65 0.515 -1
0.65 0.515 -1
0.65 0.52 635
0.65 0.475 635
0.655 0.525 636
0.655 0.53 636
0.66 0.5 636
0.66 0.515 636
0.675 0.515 636
0.685 0.53 -1
0.715 0.52 -1
0.735 0.555 637
0.175 0.125 637
0.37 0.285 638
0.395 0.3 638
0.42 0.325 638
0.455 0.37 638
0.495 0.375 638
0.51 0.375 638
0.515 0.39 638
0.545 0.43 -1
0.555 0.405 -1
0.58 0.45 639
0.59 0.465 639
0.6 0.46 639
0.61 0.49 639
0.615 0.475 639
0.615 0.475 640
0.615 0.495 640
0.62 0.46 640
0.63 0.515 640
0.64 0.5 640
0.64 0.5 640
0.655 0.455 640
0.655 0.505 640
0.66 0.53 -1
0.665 0.5 641
0.67 0.525 641
0.69 0.53 642
0.715 0.525 642
0.735 0.565 643
0.27 0.205 643
0.285 0.225 -1
0.295 0.22 -1
0.3 0.225 -1
0.3 0.22 -1
0.36 0.265 -1
0.37 0.275 644
0.39 0.29 644
0.435 0.325 644
0.44 0.34 644
0.44 0.32 644
0.445 0.345 644
0.465 0.37 644
0.465 0.355 644
0.47 0.345 644
0.475 0.365 644
0.475 0.335 644
0.475 0.35 644
0.485 0.365 644
0.49 0.39 644
0.515 0.405 644
0.52 0.415 644
0.525 0.405 644
0.525 0.425 -1
0.53 0.425 645
0.53 0.42 645
0.53 0.41 646
0.53 0.395 646
0.535 0.405 646
0.535 0.45 647
0.545 0.41 647
0.545 0.41 647
0.55 0.415 -1
0.55 0.45 648
0.55 0.4 648
0.555 0.43 -1
0.575 0.45 649
0.575 0.44 649
0.585 0.42 649
0.585 0.465 649
0.585 0.46 650
0.59 0.465 650
0.595 0.47 651
0.595 0.44 651
0.595 0.46 651
0.595 0.45 651
0.6 0.47 651
0.6 0.5 651
0.605 0.49 651
0.605 0.49 651
0.61 0.45 651
0.61 0.495 651
0.615 0.47 651
0.62 0.5 652
0.62 0.525 652
0.62 0.47 652
0.62 0.48 652
0.625 0.485 652
0.625 0.485 652
0.63 0.49 652
0.63 0.505 652
0.64 0.5 652
0.645 0.51 653
0.65 0.52 653
0.65 0.495 653
0.65 0.495 653
0.65 0.52 653
0.65 0.525 654
0.65 0.51 654
0.65 0.51 654
0.65 0.525 654
0.66 0.53 655
0.66 0.51 655
0.665 0.54 655
0.67 0.51 655
0.67 0.54 655
0.67 0.54 -1
0.675 0.535 -1
0.675 0.51 -1
0.675 0.53 656
0.685 0.55 656
0.685 0.535 -1
0.705 0.55 -1
0.705 0.53 -1
0.71 0.555 657
0.725 0.56 657
0.78 0.6 657
0.235 0.13 658
0.35 0.25 658
0.36 0.25 658
0.38 0.28 658
0.38 0.32 658
0.43 0.31 658
0.465 0.36 658
0.47 0.355 658
0.485 0.365 -1
0.495 0.375 -1
0.5 0.395 -1
0.505 0.4 -1
0.51 0.375 659
0.51 0.38 659
0.515 0.37 659
0.55 0.415 659
0.575 0.42 659
0.605 0.455 659
0.615 0.505 659
0.615 0.475 659
0.625 0.48 659
0.625 0.47 659
0.635 0.505 659
0.65 0.525 659
0.65 0.5 660
0.67 0.525 660
0.695 0.525 660
0.705 0.555 660
0.275 0.205 -1
0.285 0.205 -1
0.36 0.265 -1
0.385 0.29 661
0.4 0.315 661
0.43 0.33 661
0.435 0.375 661
0.45 0.335 661
0.475 0.355 661
0.475 0.36 661
0.485 0.37 661
0.51 0.395 661
0.515 0.39 661
0.52 0.41 661
0.525 0.4 661
0.53 0.425 662
0.53 0.425 662
0.53 0.42 662
0.53 0.395 662
0.53 0.41 662
0.535 0.4 662
0.535 0.45 662
0.555 0.44 -1
0.555 0.46 -1
0.56 0.465 -1
0.56 0.43 663
0.565 0.43 663
0.575 0.45 664
0.575 0.465 664
0.575 0.46 665
0.58 0.42 665
0.58 0.45 666
0.585 0.42 666
0.585 0.47 -1
0.59 0.45 667
0.595 0.48 667
0.615 0.48 667
0.615 0.455 667
0.62 0.5 667
0.62 0.48 667
0.62 0.48 667
0.625 0.495 667
0.625 0.5 667
0.63 0.49 667
0.63 0.475 667
0.645 0.51 667
0.65 0.505 667
0.65 0.495 667
0.655 0.52 -1
0.665 0.525 -1
0.67 0.52 -1
0.675 0.54 -1
0.675 0.54 668
0.695 0.58 668
0.695 0.535 668
0.705 0.56 -1
0.74 0.58 669
0.205 0.155 669
0.305 0.23 -1
0.32 0.23 -1
0.355 0.27 670
0.425 0.305 670
0.425 0.31 670
0.45 0.365 670
0.515 0.385 670
0.52 0.375 670
0.525 0.4 670
0.555 0.445 671
0.61 0.49 671
0.35 0.26 -1
0.38 0.275 672
0.46 0.34 672
0.465 0.355 672
0.475 0.385 672
0.565 0.445 -1
0.57 0.45 -1
0.57 0.44 673
0.595 0.46 673
0.605 0.48 673
0.615 0.455 673
0.62 0.46 673
0.625 0.47 673
0.68 0.52 674
0.68 0.54 674
0.68 0.52 -1
0.71 0.555 675
0.5 0.385 675
0.545 0.42 676
0.46 0.365 676
0.535 0.41 -1
0.335 0.26 677
0.425 0.35 677
0.41 0.325 677
0.17 0.105 677
0.335 0.25 -1
0.52 0.425 -1
0.53 0.41 678
0.5 0.42 678
0.615 0.475 -1
0.575 0.45 -1
0.57 0.45 679
0.455 0.35 679
0.37 0.275 680
0.445 0.37 680
0.675 0.535 681
0.385 0.3 681
0.375 0.295 681
0.56 0.44 -1
0.55 0.41 682
0.57 0.465 682
0.485 0.4 682
0.41 0.335 682
0.335 0.255 683
0.655 0.515 683
0.565 0.45 683
0.57 0.44 683
0.55 0.465 683
0.63 0.475 684
0.475 0.37 684
0.655 0.5 684
0.32 0.235 -1
0.525 0.395 685
0.525 0.43 685
0.5 0.39 685
0.44 0.34 685
0.49 0.385 685
0.545 0.44 686
0.45 0.36 686
0.515 0.4 686
0.33 0.25 687
0.525 0.41 687
0.295 0.225 -1
0.545 0.45 -1
0.645 0.5 688
0.45 0.355 688
0.61 0.49 688
0.38 0.3 688
0.565 0.455 688
0.67 0.545 -1
0.54 0.425 -1
0.29 0.225 689
0.41 0.33 689
0.46 0.375 689
0.56 0.44 689
0.575 0.45 690
0.62 0.5 690
0.515 0.4 690
0.56 0.46 690
0.5 0.4 691
0.435 0.355 691
0.495 0.38 691
0.595 0.5 691
0.76 0.575 691
0.615 0.5 691
0.565 0.46 692
0.14 0.105 692
0.445 0.345 692
0.525 0.43 693
0.16 0.12 693
0.635 0.48 693
0.575 0.47 -1
0.38 0.27 694
0.245 0.18 694
0.48 0.39 694
0.455 0.365 694
0.455 0.375 694
0.455 0.355 694
0.355 0.27 695
0.52 0.405 695
0.54 0.4 695
0.52 0.39 695
0.56 0.445 695
0.52 0.41 695
0.615 0.46 695
0.645 0.49 695
0.565 0.43 -1
0.295 0.23 -1
0.375 0.28 696
0.525 0.4 696
0.395 0.28 697
0.5 0.4 697
0.47 0.35 697
0.58 0.42 697
0.5 0.38 697
0.725 0.55 -1
0.65 0.515 -1
0.67 0.535 -1
0.55 0.44 698
0.49 0.37 698
0.235 0.18 698
0.235 0.175 698
0.52 0.41 698
0.475 0.4 698
0.53 0.425 698
0.35 0.275 -1
0.555 0.42 699
0.505 0.39 699
0.54 0.44 699
0.525 0.4 699
0.55 0.45 699
0.55 0.44 699
0.235 0.175 699
0.525 0.41 700
0.475 0.365 700
0.53 0.4 701
0.525 0.415 701
0.53 0.425 701
0.465 0.39 701
0.315 0.235 702
0.465 0.355 702
0.485 0.385 702
0.49 0.385 702
0.515 0.395 702
0.555 0.44 702
0.61 0.5 702
0.68 0.55 702
0.69 0.55 702
0.695 0.55 -1
0.72 0.575 -1
0.27 0.205 -1
0.27 0.19 -1
0.295 0.22 -1
0.295 0.22 -1
0.315 0.23 703
0.375 0.29 703
0.38 0.3 703
0.385 0.285 -1
0.4 0.295 704
0.415 0.315 704
0.415 0.33 704
0.42 0.32 704
0.44 0.33 704
0.45 0.35 704
0.475 0.35 704
0.485 0.39 704
0.495 0.375 704
0.525 0.41 705
0.565 0.455 705
0.58 0.435 -1
0.585 0.45 706
0.6 0.465 706
0.63 0.48 706
0.645 0.525 706
0.655 0.545 706
0.665 0.515 706
0.67 0.52 706
0.67 0.51 -1
0.685 0.51 707
0.7 0.6 707
0.72 0.6 708
0.185 0.135 708
0.245 0.175 708
0.315 0.23 -1
0.36 0.27 -1
0.375 0.28 709
0.415 0.31 709
0.455 0.35 709
0.48 0.35 709
0.485 0.375 709
0.51 0.39 709
0.52 0.395 709
0.555 0.43 710
0.585 0.465 710
0.585 0.46 710
0.585 0.455 710
0.61 0.49 710
0.61 0.475 710
0.615 0.53 710
0.62 0.465 710
0.625 0.505 710
0.625 0.48 710
0.635 0.48 710
0.64 0.525 710
0.66 0.505 711
0.66 0.485 711
0.66 0.515 -1
0.68 0.55 712
0.69 0.58 712
0.72 0.545 712
0.275 0.2 -1
0.33 0.245 -1
0.33 0.26 -1
0.365 0.28 -1
0.365 0.27 713
0.42 0.31 713
0.435 0.335 713
0.435 0.325 713
0.44 0.325 713
0.485 0.365 713
0.495 0.385 713
0.51 0.405 713
0.52 0.41 713
0.54 0.42 713
0.54 0.415 713
0.55 0.445 713
0.56 0.44 -1
0.575 0.45 -1
0.575 0.45 714
0.575 0.46 714
0.58 0.46 -1
0.58 0.425 715
0.59 0.45 715
0.6 0.46 715
0.62 0.485 715
0.625 0.495 715
0.625 0.495 715
0.625 0.495 715
0.625 0.5 715
0.625 0.47 715
0.625 0.485 715
0.635 0.5 715
0.645 0.5 715
0.645 0.51 715
0.69 0.535 715
0.695 0.56 715
0.515 0.39 715
0.545 0.405 715
0.62 0.465 716
0.63 0.49 716
0.63 0.515 716
0.64 0.49 716
0.37 0.275 717
0.395 0.31 717
0.4 0.3 717
0.41 0.305 717
0.455 0.335 717
0.48 0.335 717
0.485 0.375 717
0.5 0.36 717
0.515 0.395 717
0.52 0.4 717
0.545 0.45 -1
0.545 0.43 718
0.55 0.435 718
0.55 0.43 719
0.55 0.385 719
0.555 0.43 719
0.56 0.45 720
0.565 0.465 720
0.57 0.445 720
0.575 0.48 720
0.585 0.51 720
0.59 0.45 721
0.595 0.475 721
0.6 0.47 721
0.61 0.365 721
0.615 0.475 721
0.625 0.5 721
0.625 0.49 721
0.63 0.485 721
0.63 0.53 722
0.635 0.485 722
0.635 0.5 723
0.635 0.5 723
0.65 0.495 723
0.67 0.525 -1
0.675 0.52 724
0.675 0.51 724
0.68 0.545 724
0.7 0.545 724
0.71 0.545 724
0.715 0.565 724
0.72 0.59 724
0.42 0.305 724
0.48 0.35 724
0.48 0.365 724
0.51 0.41 724
0.515 0.4 724
0.56 0.42 724
0.56 0.42 725
0.57 0.45 725
0.605 0.465 725
0.625 0.48 725
0.64 0.505 725
0.65 0.525 725
0.3 0.215 -1
0.35 0.265 726
0.455 0.35 726
0.46 0.365 726
0.49 0.375 726
0.5 0.385 726
0.54 0.415 726
0.55 0.42 726
0.55 0.445 -1
0.555 0.435 -1
0.57 0.425 -1
0.58 0.45 -1
0.58 0.425 727
0.585 0.47 727
0.585 0.45 727
0.595 0.455 728
0.6 0.5 728
0.615 0.495 728
0.63 0.505 728
0.63 0.49 728
0.635 0.495 728
0.645 0.535 728
0.65 0.505 728
0.655 0.525 728
0.655 0.5 728
0.67 0.535 728
0.67 0.525 -1
0.695 0.53 729
0.695 0.55 729
0.77 0.605 -1
0.28 0.215 -1
0.33 0.23 -1
0.35 0.25 -1
0.37 0.28 730
0.43 0.315 730
0.435 0.33 730
0.44 0.35 730
0.475 0.37 730
0.475 0.36 730
0.48 0.355 730
0.56 0.44 731
0.585 0.475 731
0.585 0.455 731
0.385 0.255 731
0.39 0.31 731
0.39 0.29 731
0.405 0.3 731
0.475 0.365 731
0.5 0.38 731
0.515 0.4 731
0.52 0.385 -1
0.55 0.43 -1
0.56 0.43 -1
0.565 0.45 732
0.59 0.44 732
0.6 0.475 732
0.625 0.485 732
0.71 0.555 732
